0 209
1 174
2 215
3 181
4 201
5 177
6 190
7 197
8 211
9 190
10 200
11 192
12 185
13 181
14 185
15 204
16 180
17 197
18 192
19 183
20 177
21 204
22 166
23 181
24 207
25 184
26 178
27 205
28 194
29 171
30 164
31 190
32 177
33 182
34 185
35 179
36 174
37 186
38 178
39 184
40 176
41 178
42 186
43 176
44 195
45 200
46 170
47 179
48 177
49 202
50 190
51 197
52 201
53 174
54 157
55 182
56 186
57 178
58 187
59 192
60 195
61 191
62 198
63 186
64 182
65 173
66 190
67 186
68 189
69 184
70 167
71 192
72 187
73 175
74 171
75 182
76 187
77 186
78 190
79 174
80 182
81 185
82 177
83 184
84 172
85 183
86 171
87 156
88 181
89 153
90 186
91 175
92 171
93 174
94 165
95 173
96 208
97 167
98 164
99 193
100 184
101 199
102 182
103 170
104 185
105 171
106 165
107 180
108 155
109 171
110 164
111 174
112 153
113 181
114 162
115 187
116 168
117 176
118 195
119 179
120 169
121 164
122 170
123 187
124 175
125 175
126 170
127 167
128 171
129 168
130 154
131 165
132 151
133 151
134 178
135 161
136 150
137 169
138 162
139 198
140 177
141 160
142 174
143 156
144 152
145 179
146 184
147 170
148 152
149 179
150 157
151 155
152 196
153 176
154 159
155 163
156 199
157 182
158 179
159 160
160 180
161 174
162 162
163 162
164 170
165 169
166 172
167 169
168 155
169 149
170 160
171 174
172 152
173 151
174 167
175 147
176 157
177 164
178 171
179 149
180 173
181 165
182 153
183 159
184 164
185 165
186 162
187 169
188 175
189 143
190 183
191 182
192 175
193 160
194 160
195 167
196 160
197 183
198 157
199 167
200 169
201 150
202 159
203 144
204 162
205 163
206 149
207 130
208 144
209 154
210 139
211 152
212 147
213 146
214 151
215 142
216 144
217 182
218 164
219 157
220 162
221 165
222 161
223 146
224 161
225 168
226 140
227 135
228 150
229 169
230 143
231 157
232 148
233 155
234 151
235 142
236 141
237 174
238 170
239 158
240 152
241 157
242 140
243 148
244 142
245 162
246 144
247 136
248 168
249 177
250 147
251 136
252 145
253 153
254 123
255 143
256 158
257 159
258 141
259 158
260 162
261 128
262 136
263 144
264 143
265 153
266 154
267 142
268 154
269 151
270 139
271 149
272 147
273 153
274 149
275 134
276 135
277 141
278 151
279 116
280 143
281 128
282 135
283 140
284 151
285 139
286 122
287 135
288 136
289 143
290 138
291 136
292 129
293 146
294 142
295 156
296 122
297 129
298 134
299 133
300 148
301 114
302 134
303 129
304 134
305 146
306 139
307 144
308 157
309 139
310 136
311 149
312 148
313 141
314 105
315 144
316 123
317 140
318 109
319 144
320 127
321 143
322 137
323 137
324 124
325 149
326 146
327 133
328 128
329 112
330 120
331 127
332 128
333 136
334 144
335 153
336 142
337 135
338 135
339 144
340 130
341 130
342 136
343 121
344 132
345 126
346 143
347 129
348 135
349 110
350 115
351 142
352 123
353 123
354 115
355 127
356 134
357 126
358 125
359 135
360 126
361 150
362 115
363 134
364 140
365 137
366 120
367 135
368 106
369 110
370 122
371 119
372 119
373 111
374 136
375 126
376 130
377 127
378 125
379 119
380 129
381 139
382 134
383 111
384 110
385 125
386 111
387 132
388 119
389 115
390 115
391 132
392 110
393 132
394 139
395 108
396 108
397 108
398 128
399 116
400 118
401 135
402 100
403 119
404 93
405 116
406 134
407 119
408 137
409 112
410 110
411 119
412 110
413 125
414 133
415 123
416 125
417 118
418 105
419 111
420 111
421 107
422 106
423 129
424 118
425 115
426 117
427 121
428 123
429 107
430 123
431 130
432 112
433 129
434 99
435 97
436 114
437 112
438 125
439 115
440 100
441 101
442 123
443 110
444 98
445 107
446 113
447 101
448 111
449 127
450 109
451 105
452 123
453 108
454 106
455 121
456 98
457 115
458 123
459 124
460 119
461 106
462 102
463 102
464 110
465 106
466 106
467 93
468 104
469 96
470 92
471 118
472 102
473 110
474 98
475 114
476 114
477 114
478 110
479 118
480 102
481 106
482 103
483 130
484 112
485 84
486 100
487 108
488 99
489 96
490 100
491 106
492 116
493 111
494 106
495 97
496 103
497 94
498 102
499 102
500 105
501 110
502 111
503 101
504 86
505 99
506 89
507 110
508 99
509 95
510 91
511 120
512 117
513 114
514 102
515 97
516 94
517 105
518 82
519 102
520 86
521 92
522 74
523 96
524 83
525 99
526 102
527 91
528 101
529 91
530 88
531 83
532 91
533 101
534 104
535 89
536 88
537 110
538 95
539 90
540 93
541 99
542 99
543 93
544 99
545 106
546 99
547 88
548 104
549 83
550 106
551 77
552 84
553 104
554 76
555 87
556 91
557 103
558 87
559 98
560 100
561 93
562 86
563 106
564 79
565 85
566 92
567 97
568 83
569 72
570 85
571 93
572 105
573 98
574 94
575 77
576 88
577 86
578 79
579 90
580 71
581 94
582 90
583 77
584 88
585 80
586 87
587 91
588 72
589 90
590 82
591 108
592 80
593 94
594 74
595 86
596 78
597 72
598 101
599 91
600 96
601 69
602 82
603 82
604 82
605 76
606 85
607 72
608 57
609 75
610 89
611 71
612 87
613 77
614 77
615 81
616 91
617 89
618 101
619 80
620 86
621 90
622 72
623 77
624 75
625 80
626 79
627 75
628 78
629 81
630 72
631 61
632 70
633 67
634 72
635 64
636 79
637 76
638 68
639 61
640 68
641 82
642 72
643 63
644 79
645 71
646 71
647 80
648 76
649 82
650 64
651 84
652 57
653 74
654 70
655 71
656 64
657 76
658 67
659 80
660 69
661 70
662 68
663 71
664 73
665 70
666 62
667 80
668 77
669 73
670 73
671 63
672 58
673 92
674 68
675 82
676 60
677 77
678 56
679 65
680 76
681 60
682 52
683 71
684 62
685 67
686 55
687 67
688 59
689 49
690 74
691 73
692 63
693 56
694 56
695 65
696 55
697 68
698 51
699 56
700 67
701 63
702 61
703 63
704 51
705 54
706 47
707 64
708 62
709 69
710 69
711 70
712 61
713 62
714 67
715 63
716 74
717 62
718 66
719 59
720 50
721 65
722 77
723 60
724 52
725 54
726 58
727 63
728 62
729 58
730 53
731 47
732 45
733 46
734 44
735 58
736 52
737 50
738 49
739 55
740 62
741 67
742 42
743 61
744 56
745 61
746 51
747 42
748 57
749 52
750 60
751 49
752 51
753 39
754 49
755 56
756 65
757 50
758 54
759 50
760 55
761 62
762 47
763 59
764 35
765 45
766 48
767 53
768 34
769 51
770 39
771 47
772 55
773 41
774 40
775 56
776 60
777 46
778 42
779 41
780 56
781 62
782 48
783 44
784 28
785 44
786 38
787 54
788 45
789 42
790 39
791 44
792 32
793 42
794 52
795 32
796 50
797 45
798 38
799 42
800 56
801 36
802 39
803 49
804 31
805 48
806 38
807 44
808 37
809 41
810 32
811 37
812 37
813 51
814 46
815 33
816 36
817 36
818 48
819 40
820 29
821 34
822 41
823 37
824 39
825 40
826 43
827 30
828 35
829 26
830 43
831 36
832 34
833 38
834 39
835 37
836 31
837 37
838 46
839 37
840 29
841 26
842 38
843 35
844 26
845 31
846 34
847 36
848 23
849 34
850 44
851 32
852 27
853 35
854 41
855 34
856 32
857 23
858 28
859 23
860 23
861 31
862 26
863 35
864 38
865 23
866 28
867 26
868 34
869 24
870 28
871 26
872 34
873 24
874 26
875 23
876 21
877 24
878 25
879 21
880 26
881 33
882 25
883 37
884 31
885 24
886 32
887 26
888 21
889 20
890 16
891 28
892 22
893 23
894 17
895 27
896 22
897 20
898 19
899 31
900 27
901 24
902 23
903 17
904 24
905 14
906 17
907 25
908 17
909 26
910 20
911 23
912 17
913 20
914 25
915 20
916 15
917 14
918 17
919 19
920 12
921 12
922 18
923 13
924 15
925 17
926 8
927 20
928 11
929 17
930 12
931 13
932 15
933 19
934 8
935 13
936 13
937 17
938 11
939 15
940 13
941 11
942 14
943 11
944 10
945 18
946 7
947 15
948 14
949 16
950 11
951 10
952 2
953 10
954 8
955 8
956 11
957 9
958 7
959 5
960 9
961 10
962 1
963 11
964 9
965 9
966 7
967 8
968 8
969 16
970 8
971 7
972 4
973 5
974 6
975 5
976 7
977 5
978 2
979 5
980 5
981 2
982 1
983 1
984 3
985 1
986 2
987 3
988 3
989 0
990 4
991 2
992 1
993 4
994 1
995 2
996 0
997 1
998 0
999 0
