0 712
1 544
2 232
3 218
4 179
5 210
6 245
7 586
8 602
9 262
10 179
11 245
12 586
13 608
14 253
15 598
16 237
17 650
18 187
19 690
20 536
21 202
22 461
23 569
24 651
25 640
26 203
27 208
28 249
29 328
30 646
31 341
32 228
33 571
34 204
35 485
36 650
37 215
38 258
39 314
40 239
41 223
42 552
43 234
44 642
45 311
46 340
47 529
48 646
49 263
50 418
51 309
52 224
53 222
54 196
55 256
56 278
57 231
58 656
59 252
60 589
61 562
62 624
63 599
64 554
65 578
66 407
67 201
68 641
69 522
70 355
71 307
72 209
73 190
74 584
75 649
76 453
77 637
78 603
79 210
80 213
81 526
82 630
83 526
84 450
85 660
86 609
87 387
88 190
89 230
90 534
91 630
92 245
93 571
94 368
95 459
96 603
97 256
98 319
99 629
100 652
101 212
102 368
103 279
104 310
105 578
106 466
107 538
108 305
109 229
110 626
111 317
112 475
113 582
114 292
115 274
116 447
117 189
118 534
119 281
120 349
121 643
122 280
123 535
124 636
125 208
126 322
127 515
128 569
129 369
130 205
131 489
132 623
133 471
134 588
135 507
136 524
137 645
138 417
139 637
140 359
141 376
142 609
143 192
144 623
145 618
146 315
147 206
148 674
149 482
150 235
151 341
152 680
153 589
154 426
155 433
156 652
157 201
158 567
159 189
160 495
161 258
162 199
163 542
164 322
165 608
166 235
167 235
168 502
169 245
170 450
171 589
172 448
173 418
174 304
175 343
176 394
177 229
178 177
179 359
180 363
181 545
182 633
183 569
184 643
185 248
186 197
187 323
188 291
189 419
190 570
191 498
192 340
193 193
194 236
195 634
196 242
197 216
198 632
199 249
200 198
201 598
202 649
203 321
204 618
205 203
206 614
207 518
208 230
209 392
210 591
211 618
212 398
213 622
214 594
215 632
216 455
217 265
218 482
219 240
220 500
221 633
222 672
223 275
224 634
225 536
226 536
227 315
228 646
229 401
230 568
231 330
232 489
233 442
234 525
235 503
236 308
237 211
238 278
239 530
240 347
241 564
242 424
243 502
244 617
245 490
246 191
247 398
248 447
249 499
250 345
251 646
252 435
253 309
254 419
255 557
256 623
257 436
258 542
259 365
260 199
261 207
262 283
263 640
264 351
265 219
266 614
267 429
268 433
269 611
270 501
271 474
272 588
273 617
274 451
275 267
276 654
277 468
278 256
279 209
280 450
281 329
282 546
283 677
284 605
285 237
286 635
287 565
288 365
289 610
290 648
291 598
292 420
293 369
294 631
295 542
296 208
297 221
298 392
299 332
300 253
301 639
302 376
303 545
304 278
305 234
306 225
307 403
308 255
309 562
310 564
311 671
312 656
313 307
314 539
315 329
316 516
317 570
318 493
319 430
320 524
321 608
322 534
323 592
324 263
325 347
326 649
327 278
328 634
329 184
330 647
331 647
332 544
333 588
334 274
335 569
336 677
337 589
338 422
339 218
340 197
341 301
342 312
343 257
344 275
345 424
346 285
347 252
348 660
349 494
350 395
351 475
352 482
353 403
354 467
355 638
356 296
357 513
358 643
359 557
360 190
361 480
362 479
363 581
364 238
365 305
366 189
367 276
368 280
369 190
370 239
371 348
372 561
373 574
374 662
375 291
376 529
377 320
378 250
379 387
380 381
381 195
382 610
383 333
384 206
385 597
386 588
387 431
388 654
389 572
390 504
391 485
392 633
393 222
394 399
395 306
396 596
397 399
398 224
399 353
400 516
401 214
402 414
403 354
404 568
405 221
406 598
407 562
408 395
409 521
410 241
411 301
412 632
413 472
414 303
415 555
416 327
417 426
418 228
419 584
420 531
421 666
422 323
423 618
424 546
425 656
426 224
427 673
428 662
429 664
430 432
431 237
432 599
433 260
434 310
435 506
436 410
437 544
438 407
439 573
440 597
441 205
442 494
443 353
444 619
445 638
446 503
447 641
448 225
449 626
450 232
451 624
452 285
453 654
454 289
455 598
456 331
457 288
458 463
459 437
460 299
461 600
462 356
463 192
464 306
465 473
466 484
467 222
468 233
469 617
470 677
471 207
472 512
473 539
474 651
475 400
476 412
477 520
478 288
479 468
480 652
481 616
482 328
483 356
484 637
485 677
486 333
487 670
488 568
489 518
490 629
491 510
492 225
493 492
494 479
495 521
496 636
497 449
498 622
499 210
500 650
501 210
502 598
503 627
504 386
505 635
506 668
507 320
508 255
509 662
510 383
511 649
512 498
513 261
514 252
515 646
516 617
517 519
518 363
519 572
520 598
521 504
522 471
523 566
524 537
525 420
526 314
527 412
528 507
529 647
530 454
531 213
532 613
533 575
534 626
535 635
536 241
537 247
538 628
539 636
540 505
541 322
542 642
543 228
544 565
545 408
546 286
547 382
548 225
549 436
550 498
551 394
552 596
553 546
554 551
555 607
556 608
557 688
558 665
559 632
560 205
561 259
562 617
563 286
564 349
565 227
566 314
567 330
568 583
569 395
570 241
571 435
572 669
573 200
574 631
575 194
576 304
577 266
578 647
579 422
580 550
581 577
582 200
583 470
584 351
585 413
586 492
587 231
588 247
589 389
590 368
591 250
592 504
593 669
594 561
595 628
596 353
597 618
598 235
599 589
600 598
601 458
602 420
603 634
604 344
605 390
606 648
607 248
608 589
609 196
610 229
611 685
612 382
613 582
614 602
615 612
616 455
617 263
618 429
619 509
620 261
621 384
622 264
623 665
624 631
625 237
626 233
627 212
628 261
629 346
630 616
631 250
632 264
633 201
634 228
635 637
636 512
637 465
638 657
639 603
640 336
641 224
642 572
643 636
644 208
645 298
646 254
647 437
648 556
649 656
650 328
651 367
652 454
653 229
654 496
655 623
656 399
657 213
658 538
659 625
660 303
661 213
662 442
663 216
664 316
665 188
666 597
667 664
668 221
669 364
670 310
671 327
672 217
673 204
674 542
675 280
676 221
677 495
678 218
679 460
680 353
681 377
682 618
683 393
684 405
685 441
686 269
687 211
688 634
689 206
690 400
691 514
692 212
693 244
694 230
695 607
696 612
697 527
698 662
699 561
700 341
701 674
702 319
703 653
704 603
705 532
706 594
707 309
708 664
709 293
710 578
711 662
712 620
713 629
714 355
715 310
716 513
717 587
718 311
719 586
720 676
721 569
722 594
723 210
724 632
725 194
726 501
727 492
728 503
729 514
730 596
731 628
732 598
733 400
734 296
735 167
736 445
737 535
738 570
739 581
740 328
741 529
742 557
743 601
744 589
745 620
746 520
747 203
748 631
749 188
750 656
751 342
752 405
753 531
754 409
755 396
756 388
757 570
758 607
759 613
760 413
761 563
762 583
763 294
764 664
765 205
766 567
767 639
768 203
769 597
770 599
771 278
772 315
773 647
774 304
775 618
776 516
777 623
778 205
779 303
780 391
781 555
782 642
783 310
784 624
785 205
786 661
787 431
788 639
789 229
790 272
791 293
792 653
793 493
794 379
795 447
796 217
797 332
798 438
799 313
800 643
801 603
802 474
803 207
804 242
805 614
806 536
807 678
808 257
809 362
810 579
811 242
812 620
813 605
814 220
815 641
816 564
817 324
818 502
819 619
820 342
821 263
822 648
823 205
824 429
825 281
826 430
827 381
828 505
829 514
830 434
831 368
832 464
833 549
834 618
835 602
836 666
837 226
838 418
839 213
840 468
841 285
842 225
843 192
844 319
845 227
846 202
847 427
848 413
849 493
850 252
851 212
852 642
853 640
854 247
855 533
856 359
857 690
858 199
859 390
860 274
861 401
862 283
863 401
864 419
865 359
866 409
867 248
868 629
869 425
870 200
871 493
872 317
873 574
874 257
875 182
876 658
877 630
878 316
879 287
880 691
881 633
882 427
883 326
884 457
885 628
886 684
887 391
888 321
889 621
890 555
891 393
892 570
893 273
894 548
895 624
896 222
897 218
898 529
899 272
900 657
901 387
902 331
903 334
904 385
905 657
906 496
907 617
908 486
909 590
910 546
911 434
912 277
913 303
914 380
915 213
916 190
917 604
918 350
919 622
920 585
921 447
922 382
923 655
924 529
925 347
926 647
927 636
928 658
929 641
930 361
931 206
932 343
933 547
934 664
935 669
936 551
937 606
938 238
939 299
940 620
941 202
942 496
943 592
944 593
945 568
946 248
947 677
948 608
949 282
950 353
951 521
952 342
953 618
954 431
955 664
956 455
957 484
958 223
959 547
960 433
961 499
962 341
963 386
964 270
965 635
966 601
967 249
968 649
969 214
970 343
971 640
972 308
973 631
974 504
975 265
976 533
977 639
978 285
979 610
980 365
981 193
982 370
983 574
984 610
985 225
986 498
987 606
988 612
989 313
990 690
991 307
992 387
993 398
994 271
995 359
996 601
997 619
998 324
999 366
1000 665
1001 219
1002 666
1003 339
1004 346
1005 599
1006 206
1007 661
1008 178
1009 645
1010 578
1011 210
1012 198
1013 651
1014 358
1015 255
1016 653
1017 469
1018 217
1019 576
1020 586
1021 206
1022 281
1023 374
1024 308
1025 429
1026 384
1027 361
1028 549
1029 438
1030 512
1031 291
1032 607
1033 199
1034 527
1035 579
1036 265
1037 547
1038 662
1039 349
1040 302
1041 511
1042 592
1043 576
1044 307
1045 639
1046 582
1047 606
1048 318
1049 205
1050 358
1051 227
1052 255
1053 644
1054 352
1055 646
1056 292
1057 550
1058 408
1059 605
1060 662
1061 371
1062 648
1063 384
1064 391
1065 660
1066 257
1067 353
1068 600
1069 305
1070 348
1071 288
1072 216
1073 705
1074 617
1075 280
1076 647
1077 630
1078 604
1079 436
1080 449
1081 639
1082 453
1083 527
1084 633
1085 213
1086 628
1087 224
1088 280
1089 602
1090 568
1091 463
1092 365
1093 229
1094 592
1095 273
1096 272
1097 622
1098 221
1099 225
1100 655
1101 204
1102 315
1103 557
1104 391
1105 595
1106 663
1107 583
1108 595
1109 336
1110 598
1111 616
1112 641
1113 618
1114 283
1115 323
1116 605
1117 644
1118 256
1119 417
1120 610
1121 190
1122 220
1123 627
1124 267
1125 514
1126 615
1127 216
1128 198
1129 642
1130 636
1131 312
1132 220
1133 659
1134 414
1135 494
1136 389
1137 211
1138 216
1139 197
1140 555
1141 298
1142 242
1143 421
1144 221
1145 656
1146 429
1147 386
1148 232
1149 376
1150 647
1151 598
1152 648
1153 326
1154 256
1155 317
1156 563
1157 247
1158 656
1159 242
1160 600
1161 598
1162 231
1163 578
1164 378
1165 661
1166 638
1167 487
1168 645
1169 447
1170 552
1171 325
1172 235
1173 215
1174 261
1175 592
1176 178
1177 168
1178 214
1179 673
1180 416
1181 596
1182 646
1183 533
1184 220
1185 660
1186 435
1187 551
1188 201
1189 233
1190 670
1191 613
1192 578
1193 581
1194 602
1195 435
1196 469
1197 588
1198 292
1199 357
1200 641
1201 591
1202 235
1203 207
1204 252
1205 393
1206 512
1207 614
1208 540
1209 636
1210 405
1211 301
1212 556
1213 355
1214 579
1215 534
1216 607
1217 430
1218 490
1219 647
1220 582
1221 551
1222 641
1223 597
1224 646
1225 543
1226 391
1227 636
1228 449
1229 660
1230 630
1231 294
1232 539
1233 368
1234 581
1235 509
1236 633
1237 372
1238 644
1239 600
1240 230
1241 228
1242 642
1243 451
1244 635
1245 643
1246 509
1247 409
1248 418
1249 572
1250 610
1251 691
1252 617
1253 315
1254 388
1255 609
1256 598
1257 424
1258 650
1259 649
1260 645
1261 480
1262 218
1263 576
1264 610
1265 194
1266 256
1267 635
1268 518
1269 555
1270 598
1271 527
1272 523
1273 308
1274 658
1275 276
1276 629
1277 426
1278 253
1279 454
1280 622
1281 649
1282 401
1283 391
1284 635
1285 398
1286 649
1287 637
1288 561
1289 266
1290 570
1291 362
1292 548
1293 645
1294 525
1295 634
1296 610
1297 500
1298 689
1299 368
1300 404
1301 310
1302 367
1303 660
1304 612
1305 355
1306 411
1307 679
1308 706
1309 190
1310 495
1311 401
1312 302
1313 217
1314 652
1315 599
1316 641
1317 587
1318 362
1319 640
1320 562
1321 514
1322 406
1323 617
1324 266
1325 599
1326 174
1327 195
1328 330
1329 623
1330 414
1331 421
1332 388
1333 216
1334 654
1335 522
1336 610
1337 632
1338 436
1339 484
1340 510
1341 572
1342 516
1343 654
1344 515
1345 468
1346 208
1347 643
1348 196
1349 675
1350 249
1351 608
1352 503
1353 592
1354 635
1355 454
1356 361
1357 610
1358 663
1359 475
1360 187
1361 656
1362 601
1363 678
1364 332
1365 582
1366 260
1367 351
1368 622
1369 651
1370 456
1371 604
1372 656
1373 656
1374 576
1375 375
1376 440
1377 240
1378 674
1379 445
1380 568
1381 291
1382 565
1383 580
1384 324
1385 180
1386 464
1387 509
1388 638
1389 418
1390 568
1391 653
1392 587
1393 627
1394 632
1395 524
1396 423
1397 190
1398 624
1399 531
1400 563
1401 586
1402 522
1403 660
1404 655
1405 403
1406 388
1407 619
1408 291
1409 439
1410 648
1411 556
1412 410
1413 356
1414 584
1415 288
1416 679
1417 616
1418 641
1419 650
1420 453
1421 386
1422 477
1423 537
1424 561
1425 642
1426 629
1427 581
1428 607
1429 660
1430 688
1431 663
1432 648
1433 582
1434 255
1435 651
1436 614
1437 515
1438 479
1439 600
1440 630
1441 255
1442 462
1443 598
1444 425
1445 627
1446 620
1447 476
1448 559
1449 641
1450 590
1451 521
1452 273
1453 526
1454 340
1455 675
1456 634
1457 655
1458 399
1459 234
1460 517
1461 236
1462 596
1463 277
1464 565
1465 295
1466 657
1467 303
1468 617
1469 654
1470 617
1471 622
1472 573
1473 520
1474 516
1475 295
1476 509
1477 624
1478 267
1479 633
1480 357
1481 420
1482 677
1483 335
1484 651
1485 623
1486 533
1487 543
1488 268
1489 603
1490 270
1491 598
1492 640
1493 412
1494 403
1495 655
1496 580
1497 470
1498 580
1499 611
1500 302
1501 384
1502 294
1503 395
1504 461
1505 610
1506 268
1507 674
1508 445
1509 288
1510 619
1511 486
1512 655
1513 658
1514 487
1515 635
1516 635
1517 641
1518 583
1519 599
1520 438
1521 673
1522 642
1523 695
1524 335
1525 450
1526 629
1527 574
1528 615
1529 478
1530 653
1531 436
1532 608
1533 596
1534 541
1535 620
1536 556
1537 508
1538 536
1539 630
1540 361
1541 615
1542 589
1543 452
1544 540
1545 271
1546 630
1547 643
1548 413
1549 573
1550 516
1551 272
1552 249
1553 585
1554 349
1555 624
1556 644
1557 651
1558 576
1559 495
1560 623
1561 291
1562 604
1563 649
1564 442
1565 554
1566 374
1567 568
1568 483
1569 624
1570 570
1571 469
1572 255
1573 419
1574 512
1575 619
1576 344
1577 502
1578 633
1579 285
1580 578
1581 625
1582 573
1583 428
1584 474
1585 623
1586 234
1587 634
1588 322
1589 686
1590 637
1591 616
1592 645
1593 374
1594 292
1595 472
1596 560
1597 643
1598 631
1599 199
1600 329
1601 594
1602 548
1603 239
1604 471
1605 485
1606 587
1607 535
1608 626
1609 570
1610 681
1611 642
1612 401
1613 634
1614 530
1615 608
1616 586
1617 634
1618 393
1619 319
1620 497
1621 630
1622 594
1623 624
1624 602
1625 424
1626 411
1627 461
1628 326
1629 618
1630 414
1631 464
1632 685
1633 411
1634 228
1635 589
1636 390
1637 569
1638 451
1639 657
1640 411
1641 319
1642 585
1643 644
1644 614
1645 587
1646 523
1647 569
1648 631
1649 392
1650 653
1651 578
1652 622
1653 342
1654 600
1655 382
1656 535
1657 622
1658 296
1659 353
1660 296
1661 635
1662 532
1663 466
1664 631
1665 459
1666 470
1667 632
1668 384
1669 518
1670 422
1671 607
1672 498
1673 303
1674 611
1675 627
1676 622
1677 687
1678 642
1679 627
1680 624
1681 612
1682 607
1683 472
1684 400
1685 492
1686 652
1687 467
1688 438
1689 591
1690 407
1691 700
1692 627
1693 625
1694 230
1695 497
1696 236
1697 648
1698 496
1699 622
1700 462
1701 323
1702 661
1703 632
1704 545
1705 588
1706 223
1707 535
1708 653
1709 525
1710 619
1711 677
1712 389
1713 500
1714 633
1715 652
1716 471
1717 631
1718 314
1719 614
1720 637
1721 606
1722 356
1723 610
1724 627
1725 611
1726 326
1727 666
1728 670
1729 604
1730 495
1731 405
1732 662
1733 535
1734 547
1735 599
1736 503
1737 647
1738 567
1739 331
1740 626
1741 607
1742 608
1743 537
1744 595
1745 662
1746 545
1747 630
1748 598
1749 632
1750 581
1751 447
1752 500
1753 615
1754 507
1755 531
1756 434
1757 612
1758 623
1759 230
1760 658
1761 512
1762 581
1763 526
1764 317
1765 597
1766 576
1767 500
1768 591
1769 598
1770 644
1771 613
1772 376
1773 592
1774 417
1775 627
1776 438
1777 599
1778 353
1779 627
1780 558
1781 686
1782 617
1783 277
1784 583
1785 522
1786 645
1787 656
1788 690
1789 433
1790 576
1791 530
1792 435
1793 614
1794 495
1795 596
1796 614
1797 643
1798 606
1799 548
1800 634
1801 570
1802 419
1803 656
1804 668
1805 592
1806 654
1807 554
1808 192
1809 595
1810 402
1811 612
1812 621
1813 613
1814 550
1815 447
1816 378
1817 639
1818 569
1819 661
1820 564
1821 613
1822 532
1823 260
1824 353
1825 606
1826 618
1827 627
1828 390
1829 544
1830 465
1831 395
1832 280
1833 615
1834 598
1835 353
1836 492
1837 517
1838 440
1839 572
1840 565
1841 573
1842 375
1843 490
1844 545
1845 518
1846 620
1847 665
1848 420
1849 505
1850 659
1851 450
1852 428
1853 629
1854 640
1855 553
1856 644
1857 448
1858 655
1859 632
1860 685
1861 358
1862 643
1863 625
1864 604
1865 379
1866 637
1867 657
1868 580
1869 667
1870 473
1871 582
1872 398
1873 495
1874 434
1875 480
1876 416
1877 533
1878 670
1879 444
1880 669
1881 236
1882 344
1883 653
1884 473
1885 635
1886 519
1887 420
1888 289
1889 453
1890 664
1891 604
1892 394
1893 459
1894 586
1895 607
1896 319
1897 616
1898 534
1899 486
1900 449
1901 575
1902 630
1903 332
1904 661
1905 379
1906 391
1907 345
1908 463
1909 267
1910 683
1911 572
1912 457
1913 587
1914 643
1915 637
1916 628
1917 567
1918 603
1919 288
1920 637
1921 337
1922 357
1923 582
1924 293
1925 452
1926 568
1927 644
1928 557
1929 673
1930 586
1931 487
1932 651
1933 314
1934 517
1935 229
1936 682
1937 623
1938 653
1939 620
1940 435
1941 488
1942 594
1943 345
1944 513
1945 630
1946 629
1947 636
1948 588
1949 577
1950 398
1951 349
1952 698
1953 629
1954 607
1955 654
1956 356
1957 248
1958 337
1959 575
1960 443
1961 624
1962 315
1963 361
1964 534
1965 627
1966 592
1967 656
1968 400
1969 434
1970 444
1971 653
1972 537
1973 483
1974 628
1975 371
1976 670
1977 320
1978 250
1979 590
1980 496
1981 244
1982 610
1983 650
1984 510
1985 614
1986 617
1987 678
1988 649
1989 287
1990 167
1991 534
1992 629
1993 493
1994 533
1995 527
1996 524
1997 600
1998 616
1999 642
2000 642
2001 520
2002 508
2003 464
2004 254
2005 588
2006 316
2007 624
2008 571
2009 345
2010 201
2011 476
2012 469
2013 525
2014 276
2015 599
2016 552
2017 614
2018 506
2019 556
2020 568
2021 500
2022 473
2023 618
2024 675
2025 539
2026 615
2027 387
2028 649
2029 637
2030 581
2031 642
2032 628
2033 328
2034 636
2035 399
2036 427
2037 643
2038 459
2039 454
2040 492
2041 652
2042 649
2043 244
2044 548
2045 294
2046 642
2047 669
2048 594
2049 581
2050 483
2051 477
2052 533
2053 621
2054 603
2055 663
2056 599
2057 294
2058 623
2059 622
2060 386
2061 608
2062 422
2063 476
2064 526
2065 468
2066 624
2067 498
2068 579
2069 520
2070 486
2071 329
2072 440
2073 280
2074 583
2075 196
2076 244
2077 551
2078 613
2079 372
2080 405
2081 199
2082 285
2083 217
2084 257
2085 301
2086 335
2087 234
2088 396
2089 660
2090 410
2091 483
2092 266
2093 224
2094 303
2095 615
2096 228
2097 317
2098 531
2099 296
2100 224
2101 238
2102 617
2103 570
2104 642
2105 353
2106 335
2107 320
2108 621
2109 654
2110 537
2111 197
2112 675
2113 322
2114 463
2115 334
2116 686
2117 200
2118 564
2119 603
2120 218
2121 598
2122 207
2123 669
2124 360
2125 500
2126 233
2127 181
2128 512
2129 522
2130 308
2131 485
2132 630
2133 196
2134 298
2135 448
2136 440
2137 236
2138 624
2139 212
2140 505
2141 296
2142 650
2143 212
2144 555
2145 431
2146 554
2147 584
2148 446
2149 477
2150 569
2151 616
2152 599
2153 611
2154 512
2155 265
2156 222
2157 256
2158 594
2159 219
2160 196
2161 601
2162 289
2163 321
2164 357
2165 425
2166 528
2167 600
2168 410
2169 494
2170 422
2171 325
2172 606
2173 447
2174 542
2175 297
2176 442
2177 181
2178 319
2179 325
2180 204
2181 508
2182 310
2183 652
2184 537
2185 286
2186 601
2187 481
2188 603
2189 464
2190 614
2191 190
2192 603
2193 631
2194 652
2195 607
2196 543
2197 305
2198 660
2199 618
2200 517
2201 637
2202 455
2203 605
2204 228
2205 514
2206 588
2207 285
2208 247
2209 212
2210 222
2211 559
2212 208
2213 618
2214 351
2215 603
2216 605
2217 239
2218 628
2219 625
2220 683
2221 185
2222 641
2223 217
2224 196
2225 632
2226 598
2227 218
2228 276
2229 242
2230 489
2231 586
2232 611
2233 645
2234 584
2235 198
2236 567
2237 493
2238 266
2239 198
2240 204
2241 616
2242 263
2243 215
2244 210
2245 250
2246 591
2247 480
2248 605
2249 638
2250 587
2251 654
2252 583
2253 248
2254 605
2255 639
2256 507
2257 347
2258 662
2259 661
2260 632
2261 235
2262 248
2263 243
2264 617
2265 412
2266 386
2267 237
2268 330
2269 632
2270 624
2271 263
2272 457
2273 377
2274 611
2275 524
2276 243
2277 210
2278 394
2279 580
2280 491
2281 203
2282 592
2283 628
2284 476
2285 468
2286 689
2287 287
2288 290
2289 501
2290 212
2291 664
2292 449
2293 542
2294 389
2295 660
2296 353
2297 419
2298 295
2299 472
2300 440
2301 378
2302 321
2303 191
2304 250
2305 354
2306 646
2307 463
2308 607
2309 383
2310 396
2311 214
2312 610
2313 300
2314 586
2315 533
2316 385
2317 471
2318 330
2319 412
2320 606
2321 194
2322 606
2323 373
2324 287
2325 537
2326 621
2327 548
2328 295
2329 663
2330 651
2331 673
2332 379
2333 213
2334 263
2335 628
2336 295
2337 602
2338 428
2339 360
2340 219
2341 543
2342 210
2343 322
2344 564
2345 640
2346 270
2347 581
2348 563
2349 661
2350 615
2351 193
2352 229
2353 496
2354 364
2355 221
2356 517
2357 365
2358 528
2359 564
2360 593
2361 621
2362 346
2363 502
2364 639
2365 328
2366 503
2367 622
2368 347
2369 340
2370 208
2371 627
2372 249
2373 213
2374 618
2375 407
2376 288
2377 186
2378 221
2379 404
2380 221
2381 258
2382 203
2383 218
2384 672
2385 210
2386 242
2387 288
2388 423
2389 232
2390 350
2391 435
2392 639
2393 269
2394 498
2395 474
2396 567
2397 220
2398 379
2399 640
2400 532
2401 302
2402 229
2403 455
2404 632
2405 665
2406 602
2407 194
2408 246
2409 493
2410 399
2411 569
2412 333
2413 345
2414 237
2415 468
2416 237
2417 197
2418 213
2419 526
2420 622
2421 608
2422 202
2423 211
2424 565
2425 318
2426 609
2427 466
2428 226
2429 447
2430 230
2431 290
2432 651
2433 528
2434 615
2435 644
2436 297
2437 354
2438 259
2439 233
2440 593
2441 443
2442 613
2443 349
2444 182
2445 521
2446 607
2447 506
2448 198
2449 634
2450 587
2451 601
2452 617
2453 256
2454 274
2455 287
2456 490
2457 383
2458 557
2459 629
2460 644
2461 208
2462 252
2463 634
2464 510
2465 208
2466 592
2467 270
2468 494
2469 629
2470 243
2471 528
2472 585
2473 619
2474 290
2475 325
2476 191
2477 435
2478 389
2479 486
2480 186
2481 625
2482 281
2483 253
2484 307
2485 316
2486 514
2487 276
2488 222
2489 561
2490 345
2491 445
2492 619
2493 352
2494 628
2495 609
2496 324
2497 546
2498 640
2499 293
2500 287
2501 194
2502 442
2503 327
2504 602
2505 305
2506 604
2507 587
2508 377
2509 271
2510 344
2511 607
2512 309
2513 452
2514 435
2515 290
2516 599
2517 563
2518 488
2519 219
2520 591
2521 213
2522 630
2523 391
2524 375
2525 316
2526 204
2527 216
2528 226
2529 569
2530 535
2531 204
2532 636
2533 301
2534 474
2535 404
2536 359
2537 508
2538 607
2539 664
2540 258
2541 572
2542 285
2543 225
2544 461
2545 206
2546 262
2547 211
2548 536
2549 435
2550 433
2551 447
2552 452
2553 205
2554 604
2555 337
2556 520
2557 268
2558 312
2559 590
2560 217
2561 345
2562 219
2563 463
2564 449
2565 345
2566 371
2567 265
2568 648
2569 221
2570 368
2571 469
2572 244
2573 221
2574 324
2575 464
2576 605
2577 404
2578 621
2579 213
2580 665
2581 400
2582 299
2583 301
2584 376
2585 362
2586 539
2587 636
2588 687
2589 286
2590 584
2591 470
2592 335
2593 307
2594 326
2595 316
2596 275
2597 660
2598 257
2599 370
2600 215
2601 206
2602 213
2603 187
2604 617
2605 497
2606 264
2607 636
2608 213
2609 213
2610 253
2611 423
2612 265
2613 228
2614 356
2615 336
2616 305
2617 211
2618 376
2619 383
2620 490
2621 260
2622 244
2623 202
2624 456
2625 241
2626 375
2627 247
2628 615
2629 676
2630 356
2631 276
2632 626
2633 261
2634 622
2635 243
2636 679
2637 677
2638 324
2639 625
2640 214
2641 428
2642 646
2643 626
2644 537
2645 589
2646 690
2647 430
2648 390
2649 372
2650 600
2651 618
2652 523
2653 449
2654 534
2655 215
2656 213
2657 662
2658 184
2659 321
2660 540
2661 379
2662 544
2663 577
2664 431
2665 651
2666 665
2667 565
2668 175
2669 589
2670 221
2671 220
2672 231
2673 411
2674 276
2675 306
2676 633
2677 297
2678 637
2679 340
2680 619
2681 214
2682 569
2683 624
2684 613
2685 288
2686 361
2687 304
2688 240
2689 256
2690 211
2691 640
2692 506
2693 309
2694 280
2695 406
2696 595
2697 392
2698 604
2699 326
2700 641
2701 594
2702 616
2703 623
2704 228
2705 194
2706 415
2707 213
2708 527
2709 293
2710 368
2711 531
2712 234
2713 230
2714 217
2715 308
2716 543
2717 441
2718 213
2719 633
2720 283
2721 670
2722 486
2723 608
2724 213
2725 490
2726 215
2727 216
2728 202
2729 492
2730 486
2731 370
2732 663
2733 656
2734 315
2735 259
2736 528
2737 235
2738 397
2739 471
2740 571
2741 655
2742 558
2743 626
2744 243
2745 224
2746 648
2747 654
2748 201
2749 614
2750 203
2751 538
2752 256
2753 458
2754 662
2755 359
2756 597
2757 584
2758 427
2759 262
2760 308
2761 667
2762 435
2763 301
2764 385
2765 679
2766 572
2767 672
2768 642
2769 470
2770 381
2771 595
2772 463
2773 341
2774 646
2775 285
2776 212
2777 581
2778 498
2779 607
2780 456
2781 405
2782 449
2783 406
2784 603
2785 535
2786 461
2787 626
2788 287
2789 631
2790 646
2791 689
2792 270
2793 595
2794 477
2795 327
2796 266
2797 226
2798 517
2799 532
2800 336
2801 614
2802 660
2803 609
2804 193
2805 586
2806 304
2807 625
2808 660
2809 276
2810 236
2811 255
2812 445
2813 219
2814 481
2815 354
2816 239
2817 262
2818 471
2819 616
2820 553
2821 471
2822 208
2823 247
2824 402
2825 231
2826 432
2827 212
2828 600
2829 620
2830 393
2831 253
2832 199
2833 604
2834 447
2835 286
2836 217
2837 525
2838 302
2839 575
2840 628
2841 641
2842 616
2843 643
2844 174
2845 652
2846 213
2847 260
2848 652
2849 437
2850 204
2851 271
2852 358
2853 211
2854 410
2855 564
2856 423
2857 283
2858 586
2859 678
2860 534
2861 629
2862 578
2863 637
2864 224
2865 323
2866 558
2867 257
2868 396
2869 285
2870 288
2871 569
2872 621
2873 538
2874 591
2875 371
2876 603
2877 232
2878 644
2879 299
2880 214
2881 324
2882 271
2883 315
2884 466
2885 510
2886 382
2887 202
2888 557
2889 219
2890 465
2891 242
2892 217
2893 298
2894 590
2895 543
2896 514
2897 350
2898 254
2899 293
2900 599
2901 587
2902 541
2903 250
2904 190
2905 670
2906 337
2907 538
2908 510
2909 601
2910 212
2911 332
2912 467
2913 617
2914 465
2915 223
2916 400
2917 281
2918 541
2919 641
2920 425
2921 205
2922 423
2923 210
2924 204
2925 293
2926 204
2927 398
2928 527
2929 284
2930 653
2931 195
2932 270
2933 372
2934 210
2935 604
2936 389
2937 223
2938 636
2939 267
2940 529
2941 195
2942 513
2943 209
2944 609
2945 313
2946 594
2947 202
2948 218
2949 198
2950 239
2951 430
2952 644
2953 598
2954 231
2955 421
2956 575
2957 468
2958 218
2959 391
2960 320
2961 526
2962 653
2963 437
2964 348
2965 410
2966 629
2967 627
2968 601
2969 576
2970 711
2971 601
2972 224
2973 192
2974 527
2975 524
2976 425
2977 449
2978 359
2979 209
2980 633
2981 364
2982 488
2983 209
2984 655
2985 591
2986 626
2987 582
2988 638
2989 626
2990 595
2991 625
2992 483
2993 619
2994 538
2995 568
2996 563
2997 483
2998 282
2999 341
3000 292
3001 529
3002 614
3003 275
3004 226
3005 504
3006 600
3007 309
3008 664
3009 456
3010 560
3011 463
3012 569
3013 252
3014 595
3015 218
3016 558
3017 260
3018 392
3019 546
3020 578
3021 301
3022 199
3023 484
3024 698
3025 549
3026 604
3027 550
3028 482
3029 448
3030 521
3031 547
3032 658
3033 247
3034 415
3035 333
3036 265
3037 374
3038 562
3039 432
3040 602
3041 583
3042 631
3043 651
3044 320
3045 281
3046 562
3047 365
3048 217
3049 581
3050 608
3051 499
3052 632
3053 643
3054 186
3055 440
3056 480
3057 598
3058 409
3059 422
3060 203
3061 492
3062 616
3063 579
3064 333
3065 491
3066 213
3067 252
3068 282
3069 558
3070 634
3071 348
3072 290
3073 528
3074 240
3075 644
3076 434
3077 615
3078 378
3079 533
3080 634
3081 630
3082 636
3083 668
3084 364
3085 577
3086 615
3087 367
3088 249
3089 248
3090 383
3091 667
3092 597
3093 309
3094 471
3095 620
3096 651
3097 444
3098 471
3099 306
3100 606
3101 312
3102 403
3103 213
3104 595
3105 530
3106 322
3107 618
3108 538
3109 325
3110 695
3111 399
3112 643
3113 656
3114 452
3115 388
3116 534
3117 259
3118 611
3119 562
3120 641
3121 638
3122 625
3123 523
3124 499
3125 598
3126 411
3127 519
3128 634
3129 472
3130 597
3131 333
3132 522
3133 613
3134 577
3135 588
3136 555
3137 255
3138 449
3139 603
3140 642
3141 434
3142 619
3143 355
3144 575
3145 547
3146 654
3147 666
3148 286
3149 635
3150 484
3151 422
3152 488
3153 486
3154 569
3155 618
3156 427
3157 471
3158 559
3159 673
3160 580
3161 508
3162 587
3163 408
3164 197
3165 533
3166 207
3167 443
3168 622
3169 627
3170 564
3171 538
3172 588
3173 554
3174 522
3175 410
3176 329
3177 653
3178 637
3179 274
3180 564
3181 239
3182 419
3183 281
3184 597
3185 255
3186 666
3187 663
3188 545
3189 613
3190 493
3191 448
3192 656
3193 669
3194 420
3195 504
3196 525
3197 620
3198 353
3199 603
3200 379
3201 186
3202 219
3203 351
3204 231
3205 338
3206 629
3207 421
3208 254
3209 471
3210 665
3211 339
3212 653
3213 413
3214 358
3215 630
3216 212
3217 391
3218 643
3219 695
3220 626
3221 591
3222 444
3223 472
3224 591
3225 396
3226 558
3227 348
3228 657
3229 449
3230 383
3231 677
3232 531
3233 663
3234 515
3235 342
3236 509
3237 410
3238 627
3239 616
3240 321
3241 247
3242 392
3243 666
3244 521
3245 663
3246 662
3247 651
3248 246
3249 656
3250 620
3251 615
3252 562
3253 455
3254 516
3255 472
3256 609
3257 599
3258 487
3259 418
3260 632
3261 634
3262 649
3263 635
3264 507
3265 516
3266 252
3267 562
3268 666
3269 352
3270 641
3271 690
3272 375
3273 662
3274 432
3275 557
3276 611
3277 598
3278 587
3279 310
3280 422
3281 610
3282 487
3283 363
3284 499
3285 247
3286 549
3287 438
3288 556
3289 195
3290 627
3291 625
3292 425
3293 620
3294 423
3295 445
3296 527
3297 194
3298 455
3299 632
3300 335
3301 625
3302 659
3303 647
3304 549
3305 643
3306 663
3307 525
3308 634
3309 628
3310 486
3311 593
3312 459
3313 479
3314 557
3315 423
3316 607
3317 535
3318 551
3319 609
3320 344
3321 552
3322 641
3323 667
3324 572
3325 249
3326 546
3327 655
3328 624
3329 677
3330 235
3331 563
3332 650
3333 641
3334 202
3335 208
3336 442
3337 622
3338 242
3339 217
3340 307
3341 296
3342 557
3343 188
3344 613
3345 318
3346 494
3347 352
3348 471
3349 474
3350 246
3351 543
3352 248
3353 287
3354 198
3355 496
3356 328
3357 282
3358 498
3359 640
3360 391
3361 202
3362 269
3363 654
3364 336
3365 606
3366 494
3367 429
3368 490
3369 522
3370 495
3371 366
3372 300
3373 596
3374 250
3375 219
3376 649
3377 562
3378 389
3379 234
3380 410
3381 371
3382 210
3383 200
3384 633
3385 217
3386 405
3387 189
3388 265
3389 598
3390 298
3391 206
3392 204
3393 450
3394 428
3395 385
3396 398
3397 305
3398 364
3399 621
3400 230
3401 376
3402 279
3403 196
3404 301
3405 454
3406 232
3407 213
3408 214
3409 379
3410 394
3411 376
3412 665
3413 613
3414 491
3415 548
3416 545
3417 337
3418 322
3419 633
3420 491
3421 620
3422 244
3423 208
3424 658
3425 281
3426 613
3427 614
3428 632
3429 233
3430 221
3431 320
3432 251
3433 642
3434 205
3435 418
3436 326
3437 538
3438 460
3439 562
3440 419
3441 571
3442 657
3443 284
3444 573
3445 402
3446 228
3447 258
3448 532
3449 610
3450 639
3451 620
3452 663
3453 331
3454 669
3455 316
3456 601
3457 420
3458 324
3459 666
3460 311
3461 290
3462 275
3463 404
3464 274
3465 622
3466 389
3467 285
3468 227
3469 221
3470 223
3471 584
3472 533
3473 276
3474 619
3475 654
3476 545
3477 567
3478 225
3479 458
3480 287
3481 628
3482 555
3483 315
3484 215
3485 219
3486 248
3487 391
3488 282
3489 225
3490 199
3491 210
3492 580
3493 473
3494 557
3495 260
3496 474
3497 269
3498 646
3499 670
3500 232
3501 506
3502 639
3503 208
3504 341
3505 342
3506 364
3507 558
3508 207
3509 234
3510 210
3511 535
3512 369
3513 670
3514 212
3515 327
3516 199
3517 252
3518 623
3519 208
3520 511
3521 651
3522 210
3523 466
3524 338
3525 653
3526 462
3527 220
3528 208
3529 476
3530 548
3531 454
3532 625
3533 618
3534 219
3535 206
3536 335
3537 428
3538 251
3539 304
3540 619
3541 651
3542 538
3543 537
3544 344
3545 399
3546 228
3547 371
3548 441
3549 279
3550 195
3551 457
3552 437
3553 316
3554 680
3555 195
3556 202
3557 342
3558 340
3559 334
3560 621
3561 210
3562 523
3563 314
3564 588
3565 294
3566 386
3567 512
3568 317
3569 281
3570 647
3571 300
3572 213
3573 194
3574 487
3575 516
3576 385
3577 258
3578 618
3579 570
3580 662
3581 242
3582 248
3583 288
3584 272
3585 266
3586 368
3587 619
3588 423
3589 457
3590 220
3591 196
3592 391
3593 220
3594 259
3595 414
3596 574
3597 251
3598 422
3599 208
3600 276
3601 426
3602 233
3603 212
3604 212
3605 256
3606 436
3607 426
3608 299
3609 210
3610 374
3611 236
3612 198
3613 199
3614 682
3615 622
3616 526
3617 275
3618 644
3619 627
3620 401
3621 272
3622 192
3623 230
3624 295
3625 203
3626 574
3627 329
3628 642
3629 583
3630 582
3631 258
3632 620
3633 367
3634 212
3635 618
3636 399
3637 364
3638 284
3639 630
3640 268
3641 482
3642 227
3643 264
3644 284
3645 583
3646 640
3647 336
3648 243
3649 321
3650 246
3651 258
3652 598
3653 317
3654 410
3655 652
3656 429
3657 666
3658 643
3659 454
3660 323
3661 214
3662 206
3663 279
3664 250
3665 399
3666 220
3667 185
3668 228
3669 202
3670 686
3671 302
3672 489
3673 274
3674 543
3675 262
3676 517
3677 369
3678 423
3679 379
3680 502
3681 420
3682 566
3683 201
3684 243
3685 675
3686 322
3687 642
3688 644
3689 395
3690 199
3691 561
3692 496
3693 210
3694 604
3695 467
3696 302
3697 598
3698 365
3699 280
3700 209
3701 521
3702 187
3703 683
3704 407
3705 656
3706 551
3707 215
3708 234
3709 399
3710 435
3711 510
3712 367
3713 547
3714 505
3715 276
3716 328
3717 293
3718 554
3719 518
3720 293
3721 450
3722 555
3723 596
3724 195
3725 278
3726 421
3727 228
3728 545
3729 213
3730 282
3731 538
3732 219
3733 201
3734 402
3735 251
3736 404
3737 279
3738 397
3739 210
3740 524
3741 452
3742 627
3743 288
3744 363
3745 210
3746 243
3747 290
3748 328
3749 406
3750 600
3751 247
3752 616
3753 324
3754 250
3755 233
3756 277
3757 493
3758 340
3759 561
3760 276
3761 221
3762 639
3763 208
3764 232
3765 206
3766 671
3767 358
3768 560
3769 503
3770 620
3771 486
3772 579
3773 656
3774 427
3775 293
3776 210
3777 175
3778 198
3779 435
3780 448
3781 220
3782 647
3783 305
3784 603
3785 482
3786 664
3787 469
3788 533
3789 234
3790 327
3791 407
3792 264
3793 499
3794 522
3795 297
3796 216
3797 216
3798 679
3799 214
3800 623
3801 391
3802 504
3803 213
3804 571
3805 624
3806 239
3807 468
3808 564
3809 586
3810 399
3811 255
3812 342
3813 234
3814 260
3815 371
3816 656
3817 348
3818 224
3819 215
3820 557
3821 188
3822 498
3823 197
3824 595
3825 502
3826 568
3827 347
3828 579
3829 211
3830 240
3831 679
3832 601
3833 424
3834 640
3835 617
3836 651
3837 219
3838 341
3839 444
3840 378
3841 590
3842 304
3843 520
3844 577
3845 633
3846 323
3847 244
3848 312
3849 298
3850 636
3851 536
3852 257
3853 532
3854 306
3855 633
3856 270
3857 595
3858 590
3859 570
3860 339
3861 261
3862 697
3863 636
3864 345
3865 502
3866 213
3867 653
3868 438
3869 236
3870 402
3871 607
3872 523
3873 402
3874 567
3875 567
3876 274
3877 486
3878 506
3879 217
3880 252
3881 619
3882 289
3883 237
3884 581
3885 235
3886 383
3887 234
3888 217
3889 452
3890 522
3891 218
3892 338
3893 434
3894 596
3895 578
3896 528
3897 259
3898 248
3899 256
3900 201
3901 608
3902 599
3903 448
3904 619
3905 412
3906 540
3907 260
3908 330
3909 211
3910 249
3911 560
3912 476
3913 638
3914 209
3915 561
3916 218
3917 205
3918 437
3919 233
3920 289
3921 608
3922 543
3923 451
3924 300
3925 585
3926 294
3927 428
3928 459
3929 244
3930 649
3931 344
3932 274
3933 628
3934 569
3935 211
3936 234
3937 195
3938 527
3939 251
3940 331
3941 238
3942 232
3943 642
3944 591
3945 597
3946 478
3947 615
3948 654
3949 242
3950 379
3951 321
3952 200
3953 494
3954 674
3955 270
3956 288
3957 320
3958 633
3959 268
3960 603
3961 217
3962 322
3963 613
3964 279
3965 271
3966 598
3967 361
3968 664
3969 233
3970 223
3971 512
3972 221
3973 681
3974 441
3975 584
3976 375
3977 476
3978 204
3979 204
3980 229
3981 251
3982 566
3983 670
3984 191
3985 273
3986 217
3987 202
3988 193
3989 310
3990 294
3991 200
3992 599
3993 510
3994 396
3995 589
3996 654
3997 203
3998 248
3999 583
4000 477
4001 528
4002 252
4003 597
4004 255
4005 420
4006 412
4007 356
4008 213
4009 223
4010 596
4011 496
4012 372
4013 322
4014 357
4015 259
4016 413
4017 604
4018 628
4019 615
4020 209
4021 542
4022 277
4023 291
4024 679
4025 297
4026 246
4027 393
4028 639
4029 239
4030 670
4031 549
4032 328
4033 301
4034 317
4035 624
4036 550
4037 302
4038 219
4039 477
4040 233
4041 554
4042 258
4043 637
4044 420
4045 304
4046 597
4047 355
4048 591
4049 615
4050 603
4051 631
4052 651
4053 284
4054 224
4055 512
4056 323
4057 253
4058 666
4059 230
4060 265
4061 521
4062 310
4063 300
4064 425
4065 613
4066 584
4067 295
4068 611
4069 547
4070 439
4071 390
4072 548
4073 628
4074 479
4075 333
4076 552
4077 431
4078 247
4079 328
4080 490
4081 638
4082 568
4083 597
4084 404
4085 626
4086 230
4087 496
4088 646
4089 510
4090 599
4091 612
4092 547
4093 570
4094 626
4095 600
4096 507
4097 633
4098 648
4099 180
4100 689
4101 543
4102 614
4103 615
4104 608
4105 194
4106 627
4107 644
4108 205
4109 318
4110 358
4111 661
4112 612
4113 271
4114 583
4115 440
4116 236
4117 587
4118 650
4119 611
4120 562
4121 198
4122 563
4123 493
4124 280
4125 524
4126 296
4127 521
4128 242
4129 480
4130 262
4131 464
4132 587
4133 383
4134 637
4135 653
4136 427
4137 210
4138 588
4139 534
4140 617
4141 301
4142 621
4143 585
4144 650
4145 653
4146 539
4147 595
4148 312
4149 291
4150 508
4151 550
4152 395
4153 238
4154 504
4155 638
4156 365
4157 652
4158 531
4159 557
4160 265
4161 557
4162 456
4163 618
4164 446
4165 541
4166 654
4167 602
4168 559
4169 268
4170 589
4171 317
4172 595
4173 441
4174 611
4175 321
4176 373
4177 210
4178 538
4179 414
4180 213
4181 550
4182 293
4183 267
4184 635
4185 691
4186 554
4187 459
4188 205
4189 274
4190 234
4191 581
4192 492
4193 391
4194 636
4195 197
4196 228
4197 636
4198 320
4199 216
4200 633
4201 206
4202 383
4203 570
4204 665
4205 514
4206 620
4207 427
4208 329
4209 416
4210 200
4211 340
4212 542
4213 338
4214 656
4215 194
4216 602
4217 220
4218 213
4219 385
4220 577
4221 283
4222 308
4223 263
4224 349
4225 363
4226 246
4227 240
4228 345
4229 373
4230 410
4231 178
4232 417
4233 217
4234 543
4235 308
4236 574
4237 221
4238 446
4239 284
4240 498
4241 663
4242 536
4243 270
4244 211
4245 312
4246 342
4247 529
4248 444
4249 634
4250 303
4251 269
4252 356
4253 223
4254 205
4255 344
4256 653
4257 543
4258 187
4259 536
4260 293
4261 297
4262 655
4263 560
4264 605
4265 497
4266 221
4267 258
4268 294
4269 227
4270 268
4271 276
4272 234
4273 220
4274 245
4275 200
4276 504
4277 505
4278 615
4279 616
4280 490
4281 398
4282 443
4283 329
4284 304
4285 318
4286 218
4287 425
4288 595
4289 424
4290 617
4291 296
4292 280
4293 549
4294 470
4295 348
4296 347
4297 548
4298 204
4299 315
4300 329
4301 662
4302 251
4303 632
4304 210
4305 214
4306 326
4307 380
4308 201
4309 369
4310 217
4311 528
4312 235
4313 232
4314 512
4315 200
4316 627
4317 267
4318 541
4319 209
4320 589
4321 226
4322 217
4323 399
4324 363
4325 343
4326 429
4327 599
4328 294
4329 610
4330 338
4331 622
4332 334
4333 412
4334 290
4335 201
4336 409
4337 622
4338 245
4339 257
4340 546
4341 204
4342 418
4343 474
4344 426
4345 617
4346 470
4347 256
4348 253
4349 442
4350 669
4351 426
4352 228
4353 314
4354 488
4355 577
4356 232
4357 562
4358 407
4359 534
4360 213
4361 290
4362 269
4363 209
4364 195
4365 249
4366 372
4367 618
4368 284
4369 636
4370 337
4371 363
4372 383
4373 265
4374 190
4375 418
4376 645
4377 204
4378 606
4379 473
4380 644
4381 257
4382 382
4383 642
4384 404
4385 555
4386 214
4387 573
4388 193
4389 466
4390 554
4391 503
4392 254
4393 610
4394 589
4395 416
4396 612
4397 223
4398 316
4399 254
4400 271
4401 207
4402 270
4403 528
4404 231
4405 315
4406 422
4407 478
4408 268
4409 274
4410 640
4411 288
4412 209
4413 353
4414 254
4415 240
4416 646
4417 346
4418 407
4419 310
4420 229
4421 645
4422 608
4423 345
4424 253
4425 350
4426 513
4427 192
4428 228
4429 367
4430 275
4431 626
4432 589
4433 456
4434 249
4435 614
4436 206
4437 355
4438 385
4439 531
4440 350
4441 609
4442 659
4443 664
4444 563
4445 250
4446 643
4447 679
4448 526
4449 541
4450 434
4451 225
4452 488
4453 425
4454 256
4455 250
4456 217
4457 383
4458 226
4459 488
4460 223
4461 643
4462 541
4463 598
4464 458
4465 565
4466 202
4467 594
4468 588
4469 539
4470 622
4471 592
4472 471
4473 220
4474 377
4475 637
4476 467
4477 318
4478 357
4479 622
4480 431
4481 225
4482 507
4483 606
4484 484
4485 199
4486 301
4487 594
4488 358
4489 603
4490 232
4491 614
4492 640
4493 327
4494 432
4495 646
4496 455
4497 294
4498 562
4499 300
4500 601
4501 386
4502 224
4503 315
4504 595
4505 538
4506 558
4507 275
4508 219
4509 544
4510 600
4511 558
4512 198
4513 682
4514 649
4515 581
4516 663
4517 470
4518 443
4519 223
4520 628
4521 492
4522 390
4523 624
4524 634
4525 564
4526 646
4527 190
4528 235
4529 645
4530 260
4531 629
4532 645
4533 611
4534 442
4535 204
4536 219
4537 624
4538 640
4539 430
4540 293
4541 555
4542 602
4543 430
4544 439
4545 486
4546 437
4547 629
4548 373
4549 355
4550 646
4551 636
4552 577
4553 644
4554 645
4555 603
4556 227
4557 292
4558 475
4559 425
4560 596
4561 594
4562 641
4563 287
4564 582
4565 526
4566 261
4567 616
4568 591
4569 564
4570 544
4571 203
4572 307
4573 266
4574 659
4575 551
4576 621
4577 585
4578 267
4579 397
4580 572
4581 624
4582 547
4583 328
4584 561
4585 601
4586 587
4587 569
4588 587
4589 436
4590 517
4591 543
4592 489
4593 626
4594 626
4595 571
4596 681
4597 325
4598 513
4599 258
4600 675
4601 647
4602 583
4603 590
4604 351
4605 320
4606 197
4607 663
4608 328
4609 222
4610 430
4611 300
4612 546
4613 378
4614 257
4615 205
4616 209
4617 261
4618 246
4619 324
4620 586
4621 216
4622 649
4623 384
4624 600
4625 374
4626 389
4627 586
4628 663
4629 193
4630 338
4631 190
4632 289
4633 197
4634 216
4635 648
4636 560
4637 500
4638 630
4639 448
4640 418
4641 297
4642 374
4643 347
4644 254
4645 573
4646 594
4647 366
4648 352
4649 243
4650 625
4651 607
4652 244
4653 275
4654 451
4655 312
4656 627
4657 222
4658 528
4659 196
4660 503
4661 258
4662 299
4663 219
4664 611
4665 642
4666 558
4667 280
4668 212
4669 599
4670 364
4671 519
4672 373
4673 225
4674 663
4675 418
4676 653
4677 274
4678 212
4679 488
4680 625
4681 364
4682 562
4683 587
4684 231
4685 317
4686 608
4687 303
4688 613
4689 241
4690 579
4691 455
4692 274
4693 638
4694 411
4695 268
4696 633
4697 546
4698 237
4699 383
4700 209
4701 644
4702 523
4703 402
4704 601
4705 441
4706 330
4707 211
4708 698
4709 592
4710 195
4711 328
4712 469
4713 648
4714 212
4715 618
4716 340
4717 255
4718 657
4719 241
4720 587
4721 189
4722 617
4723 199
4724 392
4725 229
4726 333
4727 440
4728 347
4729 624
4730 252
4731 271
4732 654
4733 270
4734 435
4735 323
4736 401
4737 523
4738 386
4739 663
4740 657
4741 595
4742 226
4743 520
4744 312
4745 280
4746 316
4747 306
4748 672
4749 620
4750 548
4751 527
4752 631
4753 667
4754 211
4755 296
4756 640
4757 634
4758 377
4759 185
4760 403
4761 245
4762 686
4763 610
4764 617
4765 604
4766 545
4767 545
4768 211
4769 192
4770 249
4771 294
4772 281
4773 253
4774 484
4775 583
4776 379
4777 200
4778 228
4779 516
4780 598
4781 517
4782 402
4783 226
4784 316
4785 540
4786 558
4787 272
4788 266
4789 196
4790 486
4791 213
4792 179
4793 228
4794 637
4795 514
4796 267
4797 620
4798 586
4799 244
4800 390
4801 280
4802 384
4803 298
4804 447
4805 441
4806 196
4807 590
4808 219
4809 258
4810 462
4811 378
4812 356
4813 352
4814 634
4815 505
4816 610
4817 347
4818 286
4819 443
4820 540
4821 597
4822 198
4823 222
4824 633
4825 319
4826 246
4827 543
4828 264
4829 253
4830 193
4831 557
4832 496
4833 265
4834 630
4835 286
4836 246
4837 365
4838 629
4839 535
4840 424
4841 296
4842 414
4843 245
4844 648
4845 227
4846 348
4847 193
4848 618
4849 351
4850 450
4851 254
4852 549
4853 627
4854 256
4855 233
4856 400
4857 411
4858 216
4859 546
4860 647
4861 604
4862 514
4863 256
4864 458
4865 529
4866 346
4867 512
4868 422
4869 416
4870 501
4871 175
4872 343
4873 344
4874 446
4875 255
4876 256
4877 217
4878 541
4879 271
4880 261
4881 609
4882 652
4883 258
4884 631
4885 472
4886 448
4887 276
4888 343
4889 185
4890 203
4891 214
4892 585
4893 450
4894 324
4895 303
4896 232
4897 267
4898 653
4899 307
4900 522
4901 667
4902 532
4903 171
4904 614
4905 240
4906 227
4907 534
4908 349
4909 221
4910 222
4911 523
4912 438
4913 282
4914 492
4915 214
4916 633
4917 422
4918 432
4919 522
4920 525
4921 589
4922 497
4923 218
4924 254
4925 307
4926 247
4927 254
4928 540
4929 307
4930 281
4931 178
4932 615
4933 475
4934 504
4935 314
4936 546
4937 615
4938 581
4939 630
4940 502
4941 536
4942 605
4943 308
4944 551
4945 516
4946 589
4947 362
4948 267
4949 268
4950 554
4951 631
4952 562
4953 596
4954 299
4955 595
4956 264
4957 570
4958 488
4959 664
4960 561
4961 340
4962 658
4963 621
4964 568
4965 616
4966 466
4967 270
4968 679
4969 215
4970 591
4971 622
4972 268
4973 268
4974 672
4975 657
4976 432
4977 382
4978 662
4979 269
4980 467
4981 300
4982 587
4983 554
4984 340
4985 573
4986 636
4987 646
4988 506
4989 543
4990 628
4991 464
4992 634
4993 252
4994 531
4995 635
4996 295
4997 435
4998 335
4999 490
5000 572
5001 597
5002 653
5003 454
5004 491
5005 614
5006 650
5007 610
5008 650
5009 646
5010 640
5011 574
5012 305
5013 396
5014 343
5015 409
5016 228
5017 594
5018 596
5019 202
5020 411
5021 228
5022 327
5023 448
5024 619
5025 212
5026 612
5027 391
5028 363
5029 245
5030 185
5031 215
5032 617
5033 207
5034 247
5035 267
5036 309
5037 208
5038 229
5039 636
5040 203
5041 218
5042 307
5043 347
5044 658
5045 612
5046 519
5047 639
5048 236
5049 274
5050 530
5051 604
5052 225
5053 255
5054 633
5055 363
5056 629
5057 255
5058 629
5059 199
5060 568
5061 282
5062 639
5063 342
5064 223
5065 620
5066 229
5067 410
5068 205
5069 545
5070 422
5071 603
5072 399
5073 258
5074 210
5075 267
5076 213
5077 551
5078 242
5079 485
5080 591
5081 216
5082 384
5083 345
5084 209
5085 197
5086 297
5087 203
5088 563
5089 224
5090 230
5091 662
5092 232
5093 210
5094 630
5095 632
5096 590
5097 246
5098 203
5099 281
5100 230
5101 402
5102 187
5103 223
5104 223
5105 405
5106 638
5107 561
5108 205
5109 388
5110 295
5111 688
5112 418
5113 658
5114 237
5115 454
5116 354
5117 537
5118 318
5119 400
5120 502
5121 445
5122 217
5123 570
5124 558
5125 212
5126 294
5127 232
5128 673
5129 572
5130 242
5131 625
5132 305
5133 404
5134 560
5135 538
5136 208
5137 633
5138 364
5139 414
5140 201
5141 274
5142 280
5143 226
5144 306
5145 641
5146 463
5147 258
5148 283
5149 625
5150 476
5151 610
5152 395
5153 622
5154 579
5155 252
5156 623
5157 428
5158 210
5159 436
5160 482
5161 269
5162 238
5163 284
5164 276
5165 404
5166 178
5167 643
5168 208
5169 222
5170 517
5171 315
5172 264
5173 436
5174 202
5175 200
5176 327
5177 342
5178 248
5179 447
5180 295
5181 289
5182 268
5183 221
5184 517
5185 232
5186 332
5187 446
5188 218
5189 260
5190 340
5191 596
5192 367
5193 602
5194 665
5195 274
5196 220
5197 467
5198 213
5199 210
5200 695
5201 411
5202 206
5203 239
5204 299
5205 355
5206 645
5207 488
5208 254
5209 355
5210 421
5211 672
5212 584
5213 212
5214 383
5215 368
5216 212
5217 278
5218 504
5219 446
5220 477
5221 232
5222 471
5223 206
5224 271
5225 238
5226 462
5227 216
5228 295
5229 307
5230 481
5231 211
5232 479
5233 261
5234 535
5235 334
5236 265
5237 533
5238 213
5239 347
5240 646
5241 635
5242 289
5243 218
5244 413
5245 414
5246 416
5247 672
5248 392
5249 255
5250 313
5251 623
5252 288
5253 319
5254 240
5255 195
5256 622
5257 484
5258 316
5259 549
5260 188
5261 344
5262 190
5263 251
5264 205
5265 462
5266 210
5267 268
5268 208
5269 214
5270 216
5271 583
5272 241
5273 217
5274 598
5275 331
5276 214
5277 649
5278 327
5279 586
5280 644
5281 599
5282 371
5283 304
5284 443
5285 324
5286 206
5287 650
5288 492
5289 285
5290 223
5291 467
5292 325
5293 212
5294 209
5295 181
5296 371
5297 583
5298 201
5299 195
5300 215
5301 389
5302 303
5303 250
5304 246
5305 241
5306 386
5307 633
5308 227
5309 251
5310 707
5311 342
5312 212
5313 540
5314 653
5315 586
5316 377
5317 205
5318 187
5319 236
5320 651
5321 633
5322 641
5323 209
5324 615
5325 278
5326 666
5327 328
5328 641
5329 327
5330 201
5331 628
5332 488
5333 593
5334 334
5335 649
5336 573
5337 578
5338 560
5339 439
5340 381
5341 286
5342 245
5343 591
5344 620
5345 570
5346 598
5347 236
5348 307
5349 243
5350 628
5351 295
5352 542
5353 512
5354 625
5355 624
5356 353
5357 198
5358 222
5359 342
5360 461
5361 202
5362 596
5363 407
5364 424
5365 303
5366 611
5367 193
5368 297
5369 527
5370 195
5371 233
5372 660
5373 562
5374 287
5375 259
5376 365
5377 258
5378 374
5379 223
5380 208
5381 665
5382 229
5383 496
5384 198
5385 256
5386 530
5387 507
5388 272
5389 501
5390 637
5391 633
5392 481
5393 604
5394 181
5395 221
5396 513
5397 325
5398 487
5399 318
5400 273
5401 410
5402 375
5403 304
5404 363
5405 209
5406 430
5407 646
5408 227
5409 631
5410 206
5411 207
5412 446
5413 207
5414 379
5415 254
5416 259
5417 209
5418 232
5419 632
5420 225
5421 268
5422 321
5423 394
5424 220
5425 198
5426 409
5427 211
5428 469
5429 223
5430 193
5431 266
5432 214
5433 595
5434 409
5435 206
5436 389
5437 274
5438 219
5439 491
5440 597
5441 472
5442 233
5443 202
5444 603
5445 618
5446 346
5447 396
5448 550
5449 372
5450 462
5451 256
5452 212
5453 375
5454 260
5455 492
5456 518
5457 566
5458 221
5459 351
5460 274
5461 666
5462 301
5463 241
5464 565
5465 680
5466 289
5467 578
5468 213
5469 230
5470 344
5471 506
5472 634
5473 210
5474 571
5475 325
5476 647
5477 369
5478 201
5479 419
5480 198
5481 382
5482 491
5483 220
5484 547
5485 436
5486 630
5487 337
5488 536
5489 325
5490 473
5491 228
5492 312
5493 520
5494 318
5495 551
5496 610
5497 425
5498 595
5499 406
5500 579
5501 193
5502 301
5503 190
5504 413
5505 570
5506 382
5507 377
5508 490
5509 228
5510 241
5511 391
5512 488
5513 213
5514 604
5515 296
5516 584
5517 248
5518 185
5519 644
5520 358
5521 246
5522 479
5523 318
5524 581
5525 582
5526 407
5527 233
5528 331
5529 422
5530 212
5531 462
5532 656
5533 599
5534 203
5535 377
5536 300
5537 283
5538 315
5539 268
5540 385
5541 587
5542 354
5543 284
5544 318
5545 601
5546 600
5547 581
5548 460
5549 639
5550 389
5551 600
5552 455
5553 466
5554 420
5555 399
5556 296
5557 620
5558 426
5559 617
5560 669
5561 240
5562 378
5563 601
5564 567
5565 286
5566 628
5567 187
5568 598
5569 580
5570 249
5571 346
5572 642
5573 590
5574 584
5575 228
5576 601
5577 602
5578 607
5579 626
5580 583
5581 238
5582 564
5583 345
5584 605
5585 309
5586 596
5587 642
5588 279
5589 625
5590 630
5591 666
5592 668
5593 586
5594 639
5595 262
5596 312
5597 614
5598 262
5599 536
5600 648
5601 241
5602 322
5603 184
5604 668
5605 192
5606 392
5607 660
5608 358
5609 426
5610 560
5611 330
5612 192
5613 596
5614 249
5615 231
5616 472
5617 444
5618 245
5619 494
5620 206
5621 649
5622 541
5623 383
5624 660
5625 379
5626 338
5627 273
5628 241
5629 245
5630 514
5631 207
5632 259
5633 341
5634 629
5635 251
5636 222
5637 359
5638 343
5639 204
5640 263
5641 264
5642 618
5643 616
5644 588
5645 310
5646 630
5647 543
5648 596
5649 643
5650 605
5651 478
5652 423
5653 426
5654 374
5655 644
5656 232
5657 354
5658 249
5659 245
5660 334
5661 601
5662 258
5663 305
5664 640
5665 201
5666 382
5667 635
5668 326
5669 330
5670 276
5671 204
5672 433
5673 369
5674 572
5675 621
5676 331
5677 334
5678 221
5679 204
5680 348
5681 239
5682 499
5683 238
5684 553
5685 485
5686 360
5687 381
5688 626
5689 181
5690 566
5691 336
5692 629
5693 181
5694 234
5695 300
5696 617
5697 292
5698 651
5699 617
5700 344
5701 217
5702 240
5703 215
5704 616
5705 281
5706 594
5707 271
5708 607
5709 236
5710 581
5711 218
5712 582
5713 335
5714 276
5715 199
5716 267
5717 205
5718 483
5719 213
5720 599
5721 451
5722 218
5723 631
5724 349
5725 388
5726 199
5727 513
5728 440
5729 333
5730 390
5731 560
5732 317
5733 262
5734 256
5735 469
5736 515
5737 412
5738 391
5739 374
5740 397
5741 212
5742 234
5743 390
5744 218
5745 267
5746 430
5747 566
5748 263
5749 412
5750 596
5751 239
5752 565
5753 602
5754 445
5755 208
5756 364
5757 261
5758 538
5759 572
5760 636
5761 414
5762 219
5763 296
5764 345
5765 585
5766 327
5767 602
5768 451
5769 532
5770 404
5771 290
5772 247
5773 359
5774 532
5775 474
5776 358
5777 355
5778 230
5779 529
5780 526
5781 336
5782 251
5783 192
5784 536
5785 667
5786 414
5787 593
5788 211
5789 321
5790 649
5791 479
5792 555
5793 572
5794 219
5795 225
5796 396
5797 297
5798 314
5799 257
5800 597
5801 371
5802 398
5803 334
5804 617
5805 223
5806 218
5807 601
5808 633
5809 293
5810 309
5811 227
5812 203
5813 324
5814 230
5815 286
5816 246
5817 249
5818 263
5819 256
5820 610
5821 438
5822 247
5823 552
5824 214
5825 628
5826 212
5827 224
5828 611
5829 235
5830 652
5831 347
5832 460
5833 220
5834 599
5835 454
5836 479
5837 448
5838 235
5839 232
5840 240
5841 196
5842 254
5843 611
5844 235
5845 639
5846 422
5847 193
5848 612
5849 639
5850 293
5851 523
5852 522
5853 190
5854 305
5855 300
5856 552
5857 268
5858 205
5859 211
5860 588
5861 282
5862 648
5863 311
5864 293
5865 642
5866 340
5867 625
5868 283
5869 187
5870 281
5871 242
5872 219
5873 281
5874 579
5875 563
5876 226
5877 595
5878 652
5879 208
5880 420
5881 276
5882 392
5883 393
5884 391
5885 615
5886 252
5887 329
5888 200
5889 417
5890 200
5891 217
5892 271
5893 201
5894 538
5895 207
5896 243
5897 670
5898 384
5899 269
5900 373
5901 205
5902 226
5903 612
5904 352
5905 248
5906 376
5907 424
5908 258
5909 382
5910 528
5911 469
5912 297
5913 673
5914 613
5915 547
5916 518
5917 318
5918 180
5919 225
5920 312
5921 239
5922 661
5923 354
5924 260
5925 221
5926 233
5927 213
5928 280
5929 512
5930 386
5931 366
5932 335
5933 380
5934 606
5935 652
5936 212
5937 197
5938 578
5939 330
5940 620
5941 441
5942 270
5943 400
5944 537
5945 610
5946 195
5947 384
5948 418
5949 634
5950 593
5951 180
5952 235
5953 261
5954 263
5955 635
5956 418
5957 278
5958 652
5959 635
5960 344
5961 205
5962 413
5963 240
5964 193
5965 191
5966 230
5967 629
5968 529
5969 681
5970 244
5971 204
5972 509
5973 623
5974 650
5975 421
5976 275
5977 624
5978 611
5979 224
5980 394
5981 258
5982 384
5983 203
5984 575
5985 271
5986 281
5987 212
5988 612
5989 248
5990 246
5991 384
5992 223
5993 296
5994 204
5995 611
5996 216
5997 608
5998 308
5999 654
6000 570
6001 245
6002 403
6003 483
6004 590
6005 569
6006 266
6007 602
6008 199
6009 225
6010 263
6011 537
6012 316
6013 312
6014 351
6015 216
6016 605
6017 496
6018 541
6019 338
6020 628
6021 268
6022 562
6023 486
6024 280
6025 228
6026 224
6027 368
6028 429
6029 197
6030 215
6031 478
6032 523
6033 248
6034 212
6035 601
6036 265
6037 232
6038 560
6039 623
6040 498
6041 561
6042 464
6043 247
6044 470
6045 237
6046 477
6047 372
6048 282
6049 444
6050 235
6051 387
6052 200
6053 641
6054 609
6055 279
6056 240
6057 216
6058 621
6059 211
6060 564
6061 592
6062 349
6063 639
6064 225
6065 660
6066 219
6067 481
6068 396
6069 575
6070 616
6071 237
6072 204
6073 195
6074 219
6075 315
6076 613
6077 320
6078 593
6079 206
6080 272
6081 640
6082 627
6083 660
6084 204
6085 369
6086 555
6087 473
6088 490
6089 198
6090 435
6091 203
6092 292
6093 351
6094 249
6095 335
6096 523
6097 241
6098 247
6099 590
6100 376
6101 160
6102 653
6103 338
6104 474
6105 478
6106 256
6107 227
6108 668
6109 458
6110 214
6111 201
6112 208
6113 241
6114 377
6115 463
6116 228
6117 561
6118 222
6119 612
6120 286
6121 372
6122 427
6123 278
6124 614
6125 612
6126 609
6127 628
6128 404
6129 366
6130 235
6131 344
6132 606
6133 510
6134 543
6135 340
6136 502
6137 221
6138 480
6139 239
6140 221
6141 222
6142 294
6143 202
6144 608
6145 267
6146 659
6147 297
6148 435
6149 619
6150 443
6151 640
6152 582
6153 201
6154 484
6155 571
6156 253
6157 413
6158 523
6159 481
6160 486
6161 244
6162 471
6163 594
6164 434
6165 322
6166 281
6167 273
6168 423
6169 297
6170 246
6171 206
6172 224
6173 367
6174 523
6175 456
6176 247
6177 594
6178 513
6179 247
6180 575
6181 609
6182 646
6183 228
6184 364
6185 267
6186 189
6187 189
6188 224
6189 577
6190 217
6191 189
6192 233
6193 224
6194 203
6195 187
6196 650
6197 276
6198 272
6199 639
6200 509
6201 600
6202 310
6203 449
6204 378
6205 632
6206 207
6207 200
6208 242
6209 557
6210 355
6211 549
6212 434
6213 233
6214 468
6215 223
6216 236
6217 261
6218 637
6219 249
6220 446
6221 229
6222 365
6223 316
6224 430
6225 222
6226 475
6227 230
6228 207
6229 235
6230 231
6231 308
6232 412
6233 633
6234 607
6235 212
6236 250
6237 223
6238 300
6239 703
6240 630
6241 185
6242 308
6243 214
6244 179
6245 521
6246 271
6247 202
6248 233
6249 605
6250 197
6251 553
6252 314
6253 576
6254 234
6255 266
6256 379
6257 293
6258 273
6259 631
6260 523
6261 355
6262 594
6263 306
6264 210
6265 487
6266 272
6267 206
6268 328
6269 176
6270 264
6271 613
6272 673
6273 543
6274 676
6275 455
6276 368
6277 209
6278 338
6279 209
6280 567
6281 376
6282 234
6283 353
6284 398
6285 428
6286 286
6287 645
6288 441
6289 345
6290 289
6291 303
6292 331
6293 328
6294 208
6295 294
6296 629
6297 249
6298 346
6299 232
6300 584
6301 437
6302 526
6303 195
6304 214
6305 343
6306 482
6307 558
6308 291
6309 228
6310 358
6311 457
6312 215
6313 639
6314 420
6315 478
6316 227
6317 237
6318 221
6319 645
6320 235
6321 354
6322 342
6323 373
6324 500
6325 296
6326 213
6327 331
6328 238
6329 191
6330 645
6331 370
6332 342
6333 197
6334 252
6335 223
6336 236
6337 533
6338 467
6339 548
6340 280
6341 555
6342 607
6343 371
6344 228
6345 220
6346 191
6347 296
6348 229
6349 199
6350 292
6351 532
6352 213
6353 461
6354 318
6355 528
6356 581
6357 617
6358 231
6359 249
6360 387
6361 285
6362 598
6363 253
6364 306
6365 332
6366 259
6367 630
6368 296
6369 208
6370 246
6371 219
6372 499
6373 559
6374 290
6375 577
6376 420
6377 259
6378 413
6379 645
6380 262
6381 253
6382 611
6383 247
6384 264
6385 632
6386 343
6387 454
6388 275
6389 221
6390 286
6391 649
6392 555
6393 210
6394 238
6395 243
6396 292
6397 364
6398 308
6399 333
6400 385
6401 545
6402 322
6403 634
6404 208
6405 234
6406 501
6407 210
6408 626
6409 395
6410 346
6411 427
6412 458
6413 553
6414 327
6415 230
6416 488
6417 556
6418 379
6419 621
6420 241
6421 408
6422 567
6423 296
6424 202
6425 543
6426 245
6427 219
6428 203
6429 211
6430 245
6431 644
6432 556
6433 370
6434 334
6435 339
6436 303
6437 559
6438 469
6439 592
6440 620
6441 601
6442 398
6443 693
6444 617
6445 217
6446 340
6447 336
6448 502
6449 581
6450 632
6451 267
6452 206
6453 637
6454 383
6455 491
6456 584
6457 488
6458 646
6459 654
6460 637
6461 705
6462 491
6463 481
6464 304
6465 621
6466 585
6467 235
6468 228
6469 626
6470 425
6471 371
6472 622
6473 245
6474 633
6475 313
6476 646
6477 334
6478 354
6479 397
6480 572
6481 598
6482 329
6483 399
6484 573
6485 606
6486 439
6487 279
6488 641
6489 279
6490 585
6491 390
6492 276
6493 305
6494 220
6495 584
6496 618
6497 562
6498 631
6499 257
6500 649
6501 332
6502 285
6503 634
6504 243
6505 226
6506 560
6507 403
6508 345
6509 432
6510 361
6511 339
6512 370
6513 511
6514 612
6515 247
6516 203
6517 512
6518 594
6519 282
6520 434
6521 406
6522 584
6523 290
6524 504
6525 330
6526 583
6527 207
6528 531
6529 402
6530 427
6531 301
6532 543
6533 538
6534 559
6535 614
6536 411
6537 614
6538 387
6539 315
6540 300
6541 543
6542 422
6543 323
6544 360
6545 333
6546 299
6547 514
6548 327
6549 225
6550 397
6551 489
6552 605
6553 630
6554 557
6555 590
6556 585
6557 521
6558 465
6559 627
6560 570
6561 418
6562 381
6563 434
6564 564
6565 222
6566 670
6567 273
6568 660
6569 420
6570 450
6571 518
6572 497
6573 264
6574 225
6575 255
6576 338
6577 656
6578 323
6579 504
6580 507
6581 624
6582 261
6583 653
6584 205
6585 623
6586 457
6587 652
6588 239
6589 225
6590 212
6591 632
6592 611
6593 324
6594 476
6595 581
6596 439
6597 612
6598 488
6599 224
6600 648
6601 628
6602 255
6603 592
6604 242
6605 360
6606 213
6607 495
6608 316
6609 197
6610 561
6611 277
6612 347
6613 234
6614 563
6615 458
6616 203
6617 451
6618 532
6619 451
6620 471
6621 308
6622 249
6623 474
6624 247
6625 438
6626 246
6627 494
6628 291
6629 248
6630 524
6631 227
6632 260
6633 211
6634 495
6635 357
6636 427
6637 563
6638 231
6639 277
6640 415
6641 395
6642 558
6643 267
6644 360
6645 588
6646 482
6647 548
6648 449
6649 230
6650 393
6651 645
6652 408
6653 550
6654 266
6655 257
6656 278
6657 221
6658 528
6659 257
6660 519
6661 500
6662 356
6663 343
6664 351
6665 488
6666 266
6667 547
6668 540
6669 658
6670 243
6671 479
6672 630
6673 279
6674 532
6675 395
6676 190
6677 246
6678 661
6679 467
6680 663
6681 236
6682 192
6683 245
6684 201
6685 328
6686 623
6687 599
6688 506
6689 357
6690 279
6691 533
6692 433
6693 323
6694 297
6695 214
6696 556
6697 368
6698 675
6699 381
6700 635
6701 200
6702 216
6703 381
6704 634
6705 198
6706 468
6707 290
6708 693
6709 413
6710 222
6711 436
6712 270
6713 346
6714 628
6715 370
6716 211
6717 154
6718 190
6719 352
6720 382
6721 313
6722 190
6723 303
6724 355
6725 508
6726 392
6727 301
6728 226
6729 211
6730 277
6731 341
6732 183
6733 579
6734 418
6735 326
6736 539
6737 455
6738 252
6739 238
6740 402
6741 200
6742 205
6743 665
6744 280
6745 454
6746 209
6747 387
6748 244
6749 529
6750 589
6751 610
6752 224
6753 673
6754 537
6755 302
6756 221
6757 464
6758 282
6759 310
6760 210
6761 197
6762 581
6763 320
6764 234
6765 472
6766 385
6767 317
6768 280
6769 298
6770 176
6771 536
6772 241
6773 424
6774 415
6775 186
6776 211
6777 217
6778 543
6779 563
6780 626
6781 482
6782 249
6783 543
6784 344
6785 419
6786 249
6787 580
6788 478
6789 204
6790 629
6791 390
6792 473
6793 265
6794 218
6795 513
6796 199
6797 260
6798 539
6799 224
6800 340
6801 218
6802 252
6803 247
6804 526
6805 362
6806 300
6807 329
6808 320
6809 431
6810 581
6811 246
6812 223
6813 516
6814 189
6815 297
6816 259
6817 265
6818 201
6819 234
6820 636
6821 605
6822 210
6823 527
6824 259
6825 217
6826 536
6827 192
6828 321
6829 388
6830 604
6831 204
6832 396
6833 339
6834 579
6835 531
6836 416
6837 651
6838 221
6839 608
6840 617
6841 231
6842 197
6843 373
6844 269
6845 553
6846 534
6847 599
6848 207
6849 373
6850 440
6851 227
6852 215
6853 587
6854 484
6855 242
6856 592
6857 598
6858 632
6859 260
6860 587
6861 548
6862 233
6863 507
6864 604
6865 364
6866 244
6867 251
6868 249
6869 220
6870 217
6871 234
6872 211
6873 216
6874 290
6875 388
6876 356
6877 648
6878 406
6879 198
6880 332
6881 221
6882 190
6883 265
6884 255
6885 213
6886 226
6887 214
6888 573
6889 281
6890 644
6891 579
6892 281
6893 493
6894 292
6895 599
6896 386
6897 324
6898 310
6899 284
6900 204
6901 269
6902 548
6903 223
6904 618
6905 323
6906 268
6907 626
6908 416
6909 644
6910 248
6911 555
6912 611
6913 346
6914 352
6915 174
6916 205
6917 605
6918 407
6919 365
6920 631
6921 310
6922 448
6923 638
6924 237
6925 518
6926 543
6927 186
6928 419
6929 209
6930 323
6931 643
6932 283
6933 641
6934 657
6935 598
6936 621
6937 593
6938 369
6939 251
6940 380
6941 437
6942 463
6943 249
6944 632
6945 373
6946 609
6947 258
6948 348
6949 228
6950 316
6951 594
6952 209
6953 655
6954 290
6955 618
6956 291
6957 310
6958 548
6959 251
6960 291
6961 584
6962 378
6963 279
6964 604
6965 223
6966 317
6967 432
6968 643
6969 492
6970 628
6971 249
6972 195
6973 272
6974 400
6975 408
6976 685
6977 200
6978 206
6979 360
6980 360
6981 418
6982 208
6983 220
6984 397
6985 223
6986 620
6987 555
6988 620
6989 526
6990 371
6991 274
6992 432
6993 396
6994 231
6995 600
6996 215
6997 616
6998 351
6999 334
7000 552
7001 556
7002 305
7003 451
7004 564
7005 193
7006 199
7007 396
7008 255
7009 264
7010 580
7011 230
7012 669
7013 605
7014 217
7015 361
7016 351
7017 640
7018 276
7019 210
7020 622
7021 616
7022 546
7023 611
7024 462
7025 315
7026 455
7027 213
7028 342
7029 597
7030 215
7031 182
7032 547
7033 664
7034 388
7035 631
7036 447
7037 246
7038 360
7039 432
7040 327
7041 533
7042 533
7043 216
7044 201
7045 284
7046 261
7047 678
7048 409
7049 179
7050 204
7051 459
7052 590
7053 427
7054 512
7055 240
7056 265
7057 570
7058 643
7059 489
7060 515
7061 534
7062 311
7063 615
7064 261
7065 208
7066 204
7067 198
7068 244
7069 217
7070 371
7071 207
7072 553
7073 214
7074 420
7075 377
7076 646
7077 228
7078 210
7079 230
7080 218
7081 301
7082 278
7083 475
7084 617
7085 517
7086 610
7087 630
7088 513
7089 583
7090 524
7091 598
7092 542
7093 256
7094 379
7095 198
7096 246
7097 410
7098 316
7099 489
7100 583
7101 208
7102 601
7103 360
7104 201
7105 515
7106 170
7107 334
7108 312
7109 518
7110 637
7111 204
7112 289
7113 210
7114 422
7115 209
7116 224
7117 368
7118 287
7119 386
7120 447
7121 217
7122 254
7123 212
7124 419
7125 209
7126 418
7127 657
7128 340
7129 625
7130 475
7131 614
7132 195
7133 369
7134 253
7135 640
7136 265
7137 535
7138 271
7139 396
7140 218
7141 206
7142 303
7143 477
7144 210
7145 446
7146 317
7147 307
7148 536
7149 459
7150 443
7151 234
7152 322
7153 626
7154 232
7155 335
7156 204
7157 517
7158 294
7159 644
7160 658
7161 364
7162 211
7163 307
7164 283
7165 188
7166 199
7167 199
7168 356
7169 192
7170 612
7171 471
7172 261
7173 216
7174 675
7175 576
7176 511
7177 530
7178 623
7179 424
7180 654
7181 529
7182 238
7183 412
7184 546
7185 598
7186 253
7187 293
7188 585
7189 453
7190 298
7191 602
7192 324
7193 603
7194 584
7195 507
7196 412
7197 495
7198 335
7199 582
7200 621
7201 562
7202 285
7203 242
7204 553
7205 212
7206 349
7207 559
7208 634
7209 223
7210 298
7211 350
7212 529
7213 384
7214 229
7215 201
7216 218
7217 283
7218 286
7219 318
7220 577
7221 408
7222 224
7223 301
7224 561
7225 211
7226 547
7227 277
7228 380
7229 470
7230 295
7231 181
7232 235
7233 376
7234 574
7235 344
7236 245
7237 224
7238 314
7239 249
7240 187
7241 621
7242 595
7243 384
7244 234
7245 568
7246 429
7247 603
7248 303
7249 266
7250 450
7251 382
7252 603
7253 279
7254 368
7255 614
7256 454
7257 570
7258 522
7259 302
7260 255
7261 501
7262 670
7263 526
7264 209
7265 607
7266 253
7267 209
7268 365
7269 492
7270 237
7271 600
7272 200
7273 390
7274 425
7275 631
7276 222
7277 320
7278 192
7279 197
7280 305
7281 354
7282 303
7283 422
7284 357
7285 267
7286 352
7287 231
7288 524
7289 290
7290 215
7291 364
7292 660
7293 588
7294 397
7295 595
7296 198
7297 318
7298 261
7299 242
7300 296
7301 226
7302 204
7303 230
7304 320
7305 309
7306 598
7307 626
7308 203
7309 233
7310 414
7311 201
7312 262
7313 226
7314 579
7315 255
7316 625
7317 199
7318 595
7319 519
7320 284
7321 269
7322 465
7323 264
7324 218
7325 469
7326 254
7327 651
7328 481
7329 258
7330 608
7331 273
7332 231
7333 373
7334 299
7335 226
7336 312
7337 321
7338 688
7339 242
7340 244
7341 331
7342 212
7343 611
7344 199
7345 252
7346 591
7347 227
7348 211
7349 573
7350 232
7351 251
7352 209
7353 413
7354 495
7355 516
7356 250
7357 252
7358 388
7359 472
7360 302
7361 507
7362 262
7363 566
7364 599
7365 266
7366 176
7367 585
7368 642
7369 579
7370 597
7371 476
7372 225
7373 641
7374 207
7375 208
7376 526
7377 336
7378 268
7379 486
7380 235
7381 461
7382 391
7383 208
7384 217
7385 321
7386 204
7387 324
7388 664
7389 256
7390 311
7391 542
7392 591
7393 504
7394 211
7395 210
7396 678
7397 243
7398 519
7399 243
7400 562
7401 323
7402 277
7403 264
7404 233
7405 284
7406 260
7407 196
7408 471
7409 298
7410 328
7411 423
7412 225
7413 173
7414 324
7415 668
7416 617
7417 604
7418 490
7419 278
7420 613
7421 632
7422 226
7423 250
7424 270
7425 515
7426 415
7427 250
7428 596
7429 212
7430 220
7431 256
7432 245
7433 384
7434 318
7435 221
7436 245
7437 375
7438 262
7439 297
7440 264
7441 579
7442 221
7443 604
7444 339
7445 319
7446 388
7447 361
7448 340
7449 237
7450 208
7451 675
7452 202
7453 196
7454 279
7455 266
7456 463
7457 299
7458 203
7459 250
7460 335
7461 226
7462 311
7463 449
7464 687
7465 629
7466 419
7467 335
7468 654
7469 567
7470 628
7471 576
7472 403
7473 572
7474 584
7475 536
7476 578
7477 360
7478 353
7479 270
7480 342
7481 399
7482 656
7483 254
7484 511
7485 402
7486 402
7487 642
7488 431
7489 323
7490 244
7491 594
7492 539
7493 604
7494 360
7495 465
7496 226
7497 615
7498 445
7499 633
7500 319
7501 603
7502 627
7503 324
7504 469
7505 384
7506 296
7507 322
7508 584
7509 402
7510 445
7511 454
7512 201
7513 274
7514 556
7515 361
7516 213
7517 394
7518 478
7519 647
7520 595
7521 437
7522 281
7523 454
7524 513
7525 477
7526 470
7527 352
7528 615
7529 489
7530 482
7531 617
7532 401
7533 253
7534 427
7535 571
7536 581
7537 621
7538 410
7539 413
7540 637
7541 370
7542 198
7543 419
7544 421
7545 407
7546 315
7547 505
7548 398
7549 383
7550 408
7551 291
7552 356
7553 329
7554 400
7555 583
7556 601
7557 267
7558 280
7559 262
7560 631
7561 529
7562 469
7563 405
7564 642
7565 215
7566 402
7567 219
7568 551
7569 554
7570 276
7571 643
7572 307
7573 269
7574 235
7575 393
7576 231
7577 591
7578 178
7579 590
7580 359
7581 562
7582 271
7583 610
7584 561
7585 183
7586 229
7587 217
7588 206
7589 413
7590 612
7591 665
7592 567
7593 622
7594 600
7595 576
7596 625
7597 387
7598 664
7599 232
7600 519
7601 211
7602 344
7603 432
7604 246
7605 565
7606 516
7607 300
7608 548
7609 450
7610 213
7611 637
7612 196
7613 424
7614 556
7615 536
7616 586
7617 353
7618 491
7619 238
7620 190
7621 398
7622 628
7623 605
7624 457
7625 585
7626 201
7627 387
7628 345
7629 631
7630 583
7631 463
7632 553
7633 293
7634 571
7635 411
7636 503
7637 556
7638 347
7639 638
7640 301
7641 437
7642 320
7643 394
7644 416
7645 585
7646 237
7647 616
7648 475
7649 639
7650 332
7651 452
7652 503
7653 364
7654 307
7655 518
7656 453
7657 568
7658 462
7659 338
7660 335
7661 348
7662 598
7663 234
7664 296
7665 257
7666 604
7667 195
7668 219
7669 235
7670 558
7671 630
7672 315
7673 254
7674 228
7675 231
7676 473
7677 213
7678 293
7679 206
7680 401
7681 291
7682 212
7683 394
7684 203
7685 239
7686 230
7687 492
7688 363
7689 335
7690 222
7691 648
7692 214
7693 324
7694 207
7695 290
7696 608
7697 233
7698 329
7699 502
7700 311
7701 204
7702 373
7703 377
7704 652
7705 412
7706 448
7707 311
7708 291
7709 306
7710 511
7711 214
7712 432
7713 395
7714 226
7715 251
7716 196
7717 239
7718 229
7719 266
7720 394
7721 600
7722 667
7723 213
7724 199
7725 258
7726 479
7727 225
7728 246
7729 578
7730 186
7731 244
7732 231
7733 335
7734 280
7735 228
7736 219
7737 215
7738 371
7739 396
7740 254
7741 224
7742 456
7743 671
7744 189
7745 179
7746 422
7747 397
7748 229
7749 633
7750 233
7751 381
7752 207
7753 317
7754 559
7755 578
7756 208
7757 287
7758 216
7759 207
7760 225
7761 525
7762 647
7763 620
7764 298
7765 284
7766 294
7767 633
7768 225
7769 165
7770 253
7771 200
7772 270
7773 215
7774 353
7775 445
7776 310
7777 668
7778 244
7779 294
7780 618
7781 584
7782 407
7783 232
7784 542
7785 482
7786 381
7787 366
7788 425
7789 655
7790 605
7791 276
7792 326
7793 600
7794 289
7795 655
7796 483
7797 662
7798 581
7799 639
7800 399
7801 228
7802 489
7803 608
7804 337
7805 334
7806 511
7807 245
7808 227
7809 327
7810 597
7811 316
7812 201
7813 215
7814 353
7815 237
7816 340
7817 507
7818 212
7819 214
7820 479
7821 211
7822 389
7823 512
7824 294
7825 495
7826 187
7827 219
7828 460
7829 211
7830 426
7831 430
7832 195
7833 495
7834 371
7835 485
7836 401
7837 444
7838 195
7839 379
7840 187
7841 206
7842 571
7843 298
7844 264
7845 247
7846 238
7847 464
7848 223
7849 209
7850 228
7851 336
7852 193
7853 357
7854 261
7855 355
7856 433
7857 232
7858 264
7859 204
7860 217
7861 215
7862 322
7863 385
7864 233
7865 259
7866 645
7867 194
7868 304
7869 210
7870 385
7871 564
7872 432
7873 545
7874 201
7875 210
7876 424
7877 254
7878 324
7879 511
7880 470
7881 220
7882 359
7883 266
7884 370
7885 350
7886 300
7887 249
7888 515
7889 589
7890 232
7891 229
7892 300
7893 204
7894 351
7895 651
7896 438
7897 189
7898 503
7899 228
7900 560
7901 591
7902 213
7903 235
7904 197
7905 242
7906 198
7907 226
7908 277
7909 341
7910 235
7911 286
7912 515
7913 197
7914 199
7915 208
7916 648
7917 376
7918 628
7919 630
7920 208
7921 226
7922 207
7923 238
7924 202
7925 240
7926 225
7927 356
7928 491
7929 276
7930 427
7931 324
7932 205
7933 574
7934 535
7935 324
7936 200
7937 213
7938 289
7939 423
7940 192
7941 594
7942 612
7943 318
7944 360
7945 613
7946 271
7947 215
7948 196
7949 318
7950 645
7951 394
7952 521
7953 307
7954 218
7955 378
7956 400
7957 264
7958 620
7959 256
7960 328
7961 202
7962 373
7963 253
7964 557
7965 425
7966 222
7967 497
7968 618
7969 272
7970 194
7971 561
7972 232
7973 633
7974 210
7975 251
7976 275
7977 650
7978 278
7979 278
7980 301
7981 198
7982 269
7983 205
7984 267
7985 286
7986 607
7987 206
7988 196
7989 615
7990 656
7991 210
7992 460
7993 448
7994 476
7995 227
7996 213
7997 390
7998 235
7999 357
8000 328
8001 353
8002 451
8003 225
8004 484
8005 235
8006 380
8007 365
8008 235
8009 652
8010 224
8011 233
8012 225
8013 231
8014 401
8015 182
8016 236
8017 281
8018 453
8019 411
8020 356
8021 601
8022 259
8023 276
8024 393
8025 650
8026 209
8027 229
8028 173
8029 194
8030 224
8031 198
8032 310
8033 240
8034 215
8035 303
8036 296
8037 193
8038 275
8039 301
8040 292
8041 234
8042 319
8043 262
8044 214
8045 231
8046 520
8047 596
8048 270
8049 189
8050 213
8051 217
8052 206
8053 230
8054 191
8055 261
8056 622
8057 224
8058 202
8059 184
8060 371
8061 225
8062 207
8063 203
8064 223
8065 229
8066 293
8067 438
8068 255
8069 603
8070 200
8071 273
8072 234
8073 339
8074 227
8075 269
8076 257
8077 350
8078 390
8079 276
8080 237
8081 251
8082 335
8083 193
8084 369
8085 328
8086 223
8087 166
8088 219
8089 326
8090 236
8091 245
8092 209
8093 408
8094 283
8095 298
8096 248
8097 316
8098 341
8099 627
8100 287
8101 248
8102 226
8103 632
8104 207
8105 498
8106 307
8107 219
8108 232
8109 213
8110 368
8111 416
8112 227
8113 230
8114 583
8115 562
8116 206
8117 210
8118 239
8119 212
8120 214
8121 206
8122 333
8123 250
8124 201
8125 190
8126 320
8127 512
8128 252
8129 240
8130 199
8131 482
8132 317
8133 206
8134 228
8135 438
8136 225
8137 454
8138 392
8139 250
8140 483
8141 240
8142 665
8143 293
8144 341
8145 264
8146 222
8147 632
8148 302
8149 491
8150 204
8151 253
8152 236
8153 212
8154 194
8155 234
8156 237
8157 238
8158 196
8159 224
8160 340
8161 248
8162 342
8163 213
8164 619
8165 635
8166 421
8167 243
8168 357
8169 249
8170 662
8171 332
8172 226
8173 196
8174 191
8175 260
8176 379
8177 303
8178 251
8179 223
8180 262
8181 267
8182 433
8183 221
8184 244
8185 207
8186 199
8187 269
8188 290
8189 575
8190 258
8191 383
8192 623
8193 217
8194 293
8195 448
8196 587
8197 435
8198 236
8199 220
8200 360
8201 197
8202 194
8203 477
8204 598
8205 332
8206 259
8207 204
8208 251
8209 282
8210 312
8211 286
8212 329
8213 677
8214 225
8215 295
8216 464
8217 233
8218 208
8219 332
8220 238
8221 243
8222 360
8223 355
8224 221
8225 327
8226 297
8227 340
8228 309
8229 521
8230 324
8231 571
8232 270
8233 660
8234 255
8235 204
8236 264
8237 468
8238 214
8239 516
8240 321
8241 391
8242 521
8243 564
8244 286
8245 220
8246 470
8247 210
8248 316
8249 237
8250 351
8251 654
8252 207
8253 210
8254 419
8255 377
8256 278
8257 234
8258 614
8259 301
8260 177
8261 645
8262 222
8263 266
8264 257
8265 221
8266 423
8267 639
8268 298
8269 236
8270 450
8271 224
8272 366
8273 436
8274 310
8275 243
8276 202
8277 195
8278 671
8279 312
8280 211
8281 579
8282 272
8283 200
8284 346
8285 191
8286 365
8287 588
8288 631
8289 338
8290 210
8291 466
8292 592
8293 397
8294 199
8295 336
8296 514
8297 389
8298 307
8299 511
8300 413
8301 253
8302 173
8303 463
8304 272
8305 224
8306 188
8307 184
8308 257
8309 184
8310 231
8311 215
8312 245
8313 281
8314 241
8315 402
8316 413
8317 334
8318 343
8319 206
8320 227
8321 489
8322 305
8323 349
8324 407
8325 329
8326 216
8327 594
8328 209
8329 631
8330 625
8331 463
8332 336
8333 311
8334 480
8335 342
8336 613
8337 615
8338 554
8339 447
8340 206
8341 484
8342 594
8343 261
8344 335
8345 468
8346 467
8347 648
8348 519
8349 229
8350 374
8351 274
8352 315
8353 246
8354 288
8355 551
8356 237
8357 385
8358 646
8359 266
8360 199
8361 643
8362 206
8363 517
8364 545
8365 361
8366 596
8367 534
8368 291
8369 313
8370 614
8371 356
8372 408
8373 480
8374 241
8375 648
8376 364
8377 435
8378 257
8379 333
8380 347
8381 395
8382 408
8383 217
8384 470
8385 241
8386 295
8387 325
8388 471
8389 448
8390 286
8391 255
8392 638
8393 315
8394 238
8395 268
8396 241
8397 215
8398 295
8399 308
8400 451
8401 682
8402 218
8403 301
8404 601
8405 272
8406 561
8407 357
8408 371
8409 544
8410 462
8411 190
8412 463
8413 454
8414 516
8415 226
8416 213
8417 231
8418 239
8419 604
8420 225
8421 307
8422 422
8423 616
8424 243
8425 540
8426 406
8427 510
8428 422
8429 292
8430 412
8431 196
8432 634
8433 540
8434 646
8435 207
8436 412
8437 339
8438 460
8439 592
8440 625
8441 208
8442 246
8443 267
8444 224
8445 476
8446 466
8447 345
8448 229
8449 323
8450 578
8451 351
8452 325
8453 225
8454 276
8455 496
8456 292
8457 205
8458 204
8459 331
8460 220
8461 203
8462 411
8463 277
8464 277
8465 484
8466 215
8467 195
8468 357
8469 262
8470 215
8471 332
8472 359
8473 473
8474 225
8475 429
8476 249
8477 440
8478 267
8479 192
8480 225
8481 208
8482 259
8483 224
8484 354
8485 447
8486 243
8487 512
8488 284
8489 283
8490 214
8491 208
8492 205
8493 232
8494 262
8495 198
8496 294
8497 425
8498 270
8499 379
8500 286
8501 505
8502 180
8503 272
8504 229
8505 220
8506 644
8507 374
8508 400
8509 570
8510 196
8511 224
8512 305
8513 255
8514 241
8515 188
8516 216
8517 576
8518 532
8519 591
8520 274
8521 183
8522 299
8523 247
8524 229
8525 241
8526 186
8527 356
8528 536
8529 202
8530 246
8531 485
8532 236
8533 235
8534 362
8535 421
8536 439
8537 244
8538 637
8539 205
8540 216
8541 223
8542 387
8543 222
8544 308
8545 420
8546 198
8547 435
8548 257
8549 270
8550 290
8551 377
8552 380
8553 339
8554 209
8555 417
8556 239
8557 325
8558 467
8559 242
8560 357
8561 462
8562 214
8563 188
8564 202
8565 239
8566 439
8567 191
8568 270
8569 255
8570 206
8571 235
8572 320
8573 241
8574 226
8575 294
8576 209
8577 431
8578 222
8579 231
8580 324
8581 210
8582 264
8583 323
8584 315
8585 213
8586 409
8587 196
8588 228
8589 381
8590 193
8591 331
8592 195
8593 228
8594 378
8595 281
8596 289
8597 203
8598 430
8599 237
8600 239
8601 224
8602 283
8603 195
8604 243
8605 264
8606 480
8607 437
8608 206
8609 225
8610 299
8611 422
8612 196
8613 199
8614 671
8615 494
8616 214
8617 186
8618 441
8619 227
8620 204
8621 187
8622 227
8623 279
8624 288
8625 357
8626 217
8627 257
8628 611
8629 216
8630 394
8631 210
8632 200
8633 416
8634 335
8635 451
8636 393
8637 233
8638 535
8639 316
8640 352
8641 179
8642 276
8643 234
8644 228
8645 269
8646 249
8647 262
8648 237
8649 396
8650 582
8651 215
8652 197
8653 329
8654 230
8655 452
8656 209
8657 491
8658 475
8659 222
8660 223
8661 273
8662 230
8663 445
8664 257
8665 224
8666 497
8667 618
8668 315
8669 636
8670 228
8671 466
8672 305
8673 215
8674 546
8675 279
8676 282
8677 190
8678 234
8679 279
8680 300
8681 201
8682 315
8683 195
8684 187
8685 201
8686 313
8687 218
8688 197
8689 221
8690 202
8691 216
8692 251
8693 228
8694 340
8695 193
8696 283
8697 201
8698 198
8699 233
8700 229
8701 655
8702 250
8703 244
8704 284
8705 226
8706 507
8707 243
8708 213
8709 476
8710 193
8711 213
8712 334
8713 235
8714 242
8715 213
8716 220
8717 580
8718 267
8719 222
8720 249
8721 261
8722 334
8723 642
8724 587
8725 268
8726 367
8727 460
8728 214
8729 221
8730 196
8731 398
8732 553
8733 541
8734 199
8735 265
8736 293
8737 571
8738 343
8739 217
8740 607
8741 211
8742 212
8743 200
8744 203
8745 554
8746 185
8747 235
8748 215
8749 209
8750 389
8751 267
8752 208
8753 242
8754 620
8755 547
8756 210
8757 249
8758 585
8759 349
8760 211
8761 645
8762 436
8763 397
8764 238
8765 257
8766 579
8767 264
8768 278
8769 283
8770 234
8771 317
8772 250
8773 613
8774 331
8775 216
8776 476
8777 214
8778 242
8779 323
8780 220
8781 211
8782 244
8783 296
8784 385
8785 332
8786 399
8787 302
8788 191
8789 359
8790 321
8791 327
8792 235
8793 340
8794 297
8795 333
8796 257
8797 205
8798 237
8799 242
8800 435
8801 231
8802 211
8803 227
8804 473
8805 191
8806 294
8807 227
8808 331
8809 246
8810 370
8811 261
8812 198
8813 405
8814 446
8815 190
8816 198
8817 504
8818 198
8819 245
8820 584
8821 296
8822 176
8823 224
8824 195
8825 221
8826 217
8827 241
8828 244
8829 221
8830 505
8831 287
8832 250
8833 404
8834 197
8835 303
8836 419
8837 207
8838 218
8839 207
8840 655
8841 373
8842 346
8843 224
8844 181
8845 219
8846 237
8847 522
8848 310
8849 245
8850 255
8851 204
8852 605
8853 266
8854 212
8855 290
8856 442
8857 230
8858 350
8859 211
8860 484
8861 231
8862 193
8863 447
8864 274
8865 369
8866 214
8867 321
8868 497
8869 276
8870 293
8871 508
8872 274
8873 259
8874 340
8875 202
8876 220
8877 209
8878 233
8879 182
8880 409
8881 235
8882 279
8883 253
8884 306
8885 207
8886 270
8887 313
8888 321
8889 261
8890 318
8891 217
8892 606
8893 187
8894 192
8895 190
8896 598
8897 584
8898 206
8899 393
8900 240
8901 547
8902 219
8903 293
8904 227
8905 213
8906 268
8907 231
8908 340
8909 203
8910 339
8911 528
8912 418
8913 584
8914 242
8915 355
8916 320
8917 432
8918 592
8919 617
8920 630
8921 217
8922 219
8923 234
8924 453
8925 553
8926 463
8927 216
8928 189
8929 213
8930 275
8931 528
8932 317
8933 234
8934 564
8935 238
8936 634
8937 331
8938 240
8939 301
8940 232
8941 203
8942 419
8943 572
8944 234
8945 221
8946 223
8947 269
8948 252
8949 262
8950 214
8951 210
8952 273
8953 219
8954 232
8955 335
8956 258
8957 222
8958 357
8959 218
8960 311
8961 239
8962 232
8963 202
8964 216
8965 297
8966 311
8967 243
8968 180
8969 205
8970 229
8971 276
8972 216
8973 256
8974 632
8975 196
8976 239
8977 203
8978 229
8979 190
8980 190
8981 186
8982 225
8983 173
8984 259
8985 195
8986 286
8987 256
8988 245
8989 270
8990 184
8991 315
8992 601
8993 205
8994 358
8995 281
8996 279
8997 222
8998 200
8999 477
9000 228
9001 220
9002 400
9003 209
9004 254
9005 233
9006 202
9007 269
9008 258
9009 369
9010 222
9011 201
9012 241
9013 194
9014 588
9015 219
9016 248
9017 268
9018 223
9019 194
9020 329
9021 645
9022 239
9023 446
9024 320
9025 229
9026 319
9027 244
9028 328
9029 241
9030 222
9031 211
9032 338
9033 371
9034 257
9035 529
9036 285
9037 599
9038 363
9039 338
9040 305
9041 203
9042 215
9043 261
9044 231
9045 565
9046 217
9047 224
9048 414
9049 392
9050 362
9051 305
9052 567
9053 474
9054 206
9055 624
9056 204
9057 251
9058 324
9059 630
9060 225
9061 385
9062 619
9063 328
9064 377
9065 273
9066 361
9067 212
9068 272
9069 318
9070 613
9071 275
9072 512
9073 356
9074 567
9075 624
9076 244
9077 253
9078 291
9079 477
9080 235
9081 330
9082 212
9083 472
9084 343
9085 280
9086 272
9087 187
9088 198
9089 266
9090 207
9091 444
9092 270
9093 301
9094 219
9095 206
9096 231
9097 556
9098 260
9099 306
9100 255
9101 223
9102 202
9103 190
9104 248
9105 221
9106 265
9107 320
9108 584
9109 201
9110 225
9111 185
9112 211
9113 237
9114 372
9115 207
9116 278
9117 415
9118 515
9119 236
9120 212
9121 482
9122 213
9123 262
9124 218
9125 191
9126 460
9127 335
9128 383
9129 219
9130 280
9131 283
9132 208
9133 274
9134 199
9135 255
9136 231
9137 237
9138 214
9139 215
9140 256
9141 201
9142 207
9143 190
9144 213
9145 372
9146 345
9147 197
9148 347
9149 343
9150 264
9151 232
9152 314
9153 289
9154 178
9155 213
9156 296
9157 228
9158 198
9159 435
9160 561
9161 381
9162 599
9163 302
9164 231
9165 365
9166 190
9167 215
9168 266
9169 376
9170 389
9171 184
9172 303
9173 263
9174 252
9175 281
9176 272
9177 398
9178 607
9179 336
9180 317
9181 214
9182 572
9183 299
9184 403
9185 277
9186 280
9187 287
9188 240
9189 244
9190 188
9191 218
9192 213
9193 205
9194 304
9195 263
9196 307
9197 268
9198 251
9199 204
9200 241
9201 267
9202 207
9203 306
9204 203
9205 327
9206 195
9207 293
9208 196
9209 217
9210 209
9211 233
9212 223
9213 271
9214 368
9215 350
9216 282
9217 215
9218 181
9219 227
9220 206
9221 239
9222 207
9223 191
9224 204
9225 303
9226 417
9227 322
9228 276
9229 236
9230 203
9231 648
9232 199
9233 217
9234 203
9235 207
9236 230
9237 238
9238 276
9239 633
9240 287
9241 317
9242 216
9243 282
9244 241
9245 211
9246 203
9247 198
9248 501
9249 254
9250 182
9251 247
9252 439
9253 260
9254 363
9255 636
9256 354
9257 229
9258 463
9259 328
9260 592
9261 248
9262 215
9263 190
9264 186
9265 241
9266 256
9267 257
9268 204
9269 216
9270 216
9271 261
9272 278
9273 202
9274 252
9275 210
9276 195
9277 265
9278 288
9279 570
9280 205
9281 260
9282 213
9283 215
9284 309
9285 265
9286 207
9287 193
9288 294
9289 230
9290 218
9291 198
9292 581
9293 213
9294 261
9295 616
9296 205
9297 260
9298 231
9299 252
9300 209
9301 234
9302 256
9303 187
9304 297
9305 236
9306 197
9307 249
9308 201
9309 242
9310 260
9311 634
9312 211
9313 296
9314 235
9315 186
9316 463
9317 386
9318 340
9319 249
9320 210
9321 230
9322 249
9323 229
9324 202
9325 485
9326 287
9327 200
9328 257
9329 237
9330 308
9331 220
9332 590
9333 225
9334 330
9335 224
9336 229
9337 641
9338 207
9339 364
9340 446
9341 193
9342 338
9343 316
9344 269
9345 211
9346 266
9347 439
9348 468
9349 357
9350 307
9351 402
9352 231
9353 235
9354 227
9355 210
9356 272
9357 198
9358 256
9359 208
9360 230
9361 246
9362 245
9363 199
9364 194
9365 240
9366 191
9367 278
9368 224
9369 260
9370 223
9371 231
9372 249
9373 274
9374 203
9375 203
9376 311
9377 356
9378 243
9379 245
9380 289
9381 210
9382 465
9383 534
9384 225
9385 211
9386 264
9387 199
9388 566
9389 203
9390 416
9391 558
9392 247
9393 218
9394 396
9395 349
9396 239
9397 425
9398 204
9399 212
9400 218
9401 227
9402 189
9403 361
9404 203
9405 519
9406 244
9407 247
9408 188
9409 221
9410 262
9411 218
9412 404
9413 222
9414 214
9415 198
9416 313
9417 240
9418 186
9419 242
9420 287
9421 520
9422 397
9423 191
9424 234
9425 354
9426 371
9427 316
9428 195
9429 280
9430 198
9431 214
9432 222
9433 218
9434 202
9435 311
9436 261
9437 241
9438 329
9439 267
9440 216
9441 256
9442 218
9443 409
9444 229
9445 275
9446 234
9447 488
9448 213
9449 385
9450 289
9451 204
9452 401
9453 248
9454 198
9455 391
9456 209
9457 214
9458 221
9459 221
9460 272
9461 275
9462 210
9463 198
9464 265
9465 260
9466 236
9467 213
9468 206
9469 218
9470 227
9471 207
9472 238
9473 177
9474 190
9475 265
9476 260
9477 236
9478 200
9479 313
9480 223
9481 205
9482 208
9483 229
9484 247
9485 215
9486 191
9487 224
9488 245
9489 239
9490 210
9491 215
9492 306
9493 304
9494 327
9495 257
9496 607
9497 325
9498 243
9499 220
9500 460
9501 198
9502 222
9503 206
9504 297
9505 200
9506 322
9507 291
9508 201
9509 265
9510 463
9511 249
9512 544
9513 235
9514 195
9515 437
9516 206
9517 231
9518 224
9519 238
9520 478
9521 264
9522 218
9523 228
9524 395
9525 367
9526 217
9527 282
9528 351
9529 241
9530 377
9531 607
9532 209
9533 280
9534 239
9535 211
9536 226
9537 255
9538 264
9539 428
9540 305
9541 207
9542 354
9543 268
9544 404
9545 214
9546 264
9547 321
9548 200
9549 254
9550 241
9551 293
9552 214
9553 422
9554 305
9555 321
9556 213
9557 293
9558 368
9559 394
9560 295
9561 258
9562 244
9563 191
9564 203
9565 181
9566 250
9567 189
9568 202
9569 223
9570 194
9571 543
9572 307
9573 205
9574 217
9575 216
9576 291
9577 211
9578 243
9579 213
9580 205
9581 240
9582 207
9583 211
9584 308
9585 191
9586 231
9587 215
9588 654
9589 174
9590 202
9591 214
9592 220
9593 233
9594 394
9595 297
9596 236
9597 294
9598 277
9599 220
9600 291
9601 204
9602 214
9603 225
9604 208
9605 217
9606 446
9607 224
9608 188
9609 278
9610 389
9611 347
9612 221
9613 358
9614 360
9615 230
9616 321
9617 319
9618 261
9619 323
9620 209
9621 215
9622 257
9623 211
9624 317
9625 237
9626 230
9627 238
9628 177
9629 188
9630 389
9631 488
9632 245
9633 219
9634 220
9635 308
9636 266
9637 160
9638 281
9639 262
9640 309
9641 185
9642 256
9643 249
9644 186
9645 290
9646 234
9647 293
9648 295
9649 210
9650 179
9651 283
9652 577
9653 206
9654 216
9655 408
9656 260
9657 211
9658 209
9659 208
9660 285
9661 202
9662 305
9663 285
9664 468
9665 357
9666 207
9667 230
9668 238
9669 188
9670 198
9671 188
9672 204
9673 198
9674 208
9675 235
9676 184
9677 233
9678 357
9679 223
9680 244
9681 222
9682 283
9683 208
9684 322
9685 360
9686 213
9687 215
9688 276
9689 280
9690 210
9691 191
9692 199
9693 207
9694 220
9695 379
9696 175
9697 299
9698 389
9699 195
9700 202
9701 178
9702 349
9703 344
9704 205
9705 205
9706 209
9707 363
9708 295
9709 291
9710 266
9711 228
9712 235
9713 273
9714 336
9715 205
9716 196
9717 203
9718 282
9719 228
9720 244
9721 216
9722 222
9723 216
9724 221
9725 264
9726 289
9727 209
9728 320
9729 237
9730 220
9731 216
9732 281
9733 206
9734 211
9735 221
9736 205
9737 196
9738 284
9739 295
9740 239
9741 190
9742 342
9743 587
9744 257
9745 235
9746 190
9747 242
9748 281
9749 250
9750 286
9751 260
9752 171
9753 255
9754 275
9755 196
9756 309
9757 305
9758 200
9759 328
9760 356
9761 210
9762 423
9763 264
9764 443
9765 203
9766 268
9767 218
9768 210
9769 367
9770 209
9771 208
9772 298
9773 206
9774 354
9775 271
9776 240
9777 295
9778 237
9779 183
9780 198
9781 201
9782 226
9783 290
9784 285
9785 508
9786 309
9787 307
9788 192
9789 205
9790 430
9791 203
9792 509
9793 339
9794 220
9795 221
9796 274
9797 212
9798 194
9799 241
9800 202
9801 528
9802 200
9803 209
9804 187
9805 195
9806 277
9807 209
9808 219
9809 187
9810 227
9811 263
9812 184
9813 349
9814 219
9815 220
9816 461
9817 280
9818 204
9819 186
9820 188
9821 212
9822 224
9823 271
9824 190
9825 225
9826 198
9827 429
9828 215
9829 261
9830 193
9831 188
9832 294
9833 234
9834 229
9835 205
9836 213
9837 281
9838 247
9839 298
9840 262
9841 207
9842 186
9843 310
9844 206
9845 230
9846 203
9847 191
9848 209
9849 468
9850 229
9851 231
9852 291
9853 227
9854 194
9855 265
9856 211
9857 200
9858 198
9859 263
9860 205
9861 214
9862 254
9863 256
9864 202
9865 193
9866 203
9867 209
9868 209
9869 214
9870 314
9871 284
9872 210
9873 219
9874 250
9875 204
9876 290
9877 189
9878 275
9879 334
9880 197
9881 226
9882 200
9883 180
9884 204
9885 234
9886 194
9887 231
9888 255
9889 202
9890 212
9891 195
9892 214
9893 181
9894 223
9895 210
9896 205
9897 243
9898 283
9899 229
9900 230
9901 197
9902 204
9903 187
9904 214
9905 235
9906 191
9907 269
9908 183
9909 206
9910 187
9911 246
9912 196
9913 206
9914 239
9915 250
9916 182
9917 235
9918 240
9919 193
9920 291
9921 259
9922 230
9923 259
9924 254
9925 301
9926 223
9927 327
9928 200
9929 242
9930 180
9931 186
9932 273
9933 192
9934 272
9935 346
9936 213
9937 195
9938 240
9939 228
9940 199
9941 253
9942 210
9943 215
9944 191
9945 209
9946 217
9947 204
9948 197
9949 201
9950 254
9951 287
9952 209
9953 208
9954 204
9955 264
9956 196
9957 218
9958 222
9959 197
9960 229
9961 268
9962 197
9963 205
9964 239
9965 198
9966 198
9967 216
9968 249
9969 271
9970 210
9971 195
9972 208
9973 233
9974 205
9975 246
9976 205
9977 206
9978 223
9979 241
9980 201
9981 209
9982 198
9983 185
9984 214
9985 230
9986 263
9987 214
9988 246
9989 210
9990 226
9991 235
9992 196
9993 190
9994 193
9995 270
9996 209
9997 225
9998 200
9999 201
