500 26247 15224 13158 9029 8572 29170 25165 7575 9711 11389 
1000 24380 24412 27066 23866 24446 24140 26559 23513 23842 24033 
1500 43104 41030 41868 41344 41213 41736 41151 47729 45180 41267 
2000 58114 58309 58170 58032 63112 58403 59842 58363 59399 60448 
2500 77249 74868 75910 78464 81448 79607 80126 76783 77913 75283 
3000 92373 95579 95845 96685 95979 96671 93682 93129 95542 94896 
3500 113734 115302 110168 110093 110751 111870 111651 110012 110632 112792 
4000 130335 130983 133273 129143 131762 129047 131495 131583 133978 137711 
4500 149696 146987 146034 149068 150234 151751 147607 145676 147120 147539 
5000 165970 171575 169740 163603 165927 166864 166980 164054 165633 165857 
